1 trials ran. 1 simulated people per trial. 15 objects per simulated person.

Average pearson (by: trial number):
[ 0.60205258 -0.09991432  0.70004687  0.4129663  -0.07538875 -0.26867575
  0.48808576  0.23888067  0.62193365  0.71741393]

Average spearman (by: trial number):
[ 0.71428571 -0.08571429  0.86965655  0.26089697 -0.31428571 -0.08571429
  0.48571429  0.48571429  0.08571429  0.92763366]

Average standard error (by: trial number):
[ 0.  0.  0.  0.  0.  0.  0.  0.  0.  0.]

All objects (by: run iteration, oneshot trial, simulated person):
[[[[129, 884, 836, 876, 22, 237, 381, 426, 158, 955, 450, 557, 256, 206, 441]], [[531, 31, 975, 984, 306, 481, 320, 72, 113, 746, 532, 436, 731, 805, 788]], [[166, 232, 197, 363, 538, 971, 916, 696, 350, 84, 249, 131, 493, 941, 606]], [[128, 483, 840, 272, 100, 187, 197, 231, 183, 847, 37, 216, 905, 182, 712]], [[46, 428, 325, 725, 756, 771, 741, 875, 85, 234, 42, 885, 397, 506, 211]], [[934, 652, 910, 246, 157, 794, 139, 205, 249, 855, 388, 239, 187, 287, 799]], [[650, 782, 92, 551, 341, 433, 16, 74, 135, 845, 627, 397, 553, 457, 462]], [[787, 550, 894, 621, 497, 643, 755, 249, 860, 498, 577, 903, 445, 954, 793]], [[491, 222, 905, 284, 565, 72, 76, 771, 77, 496, 477, 615, 384, 151, 990]], [[215, 322, 225, 183, 977, 620, 305, 783, 274, 791, 869, 705, 252, 276, 558]]]]

All pearson (by: run iteration, trial number):
[[ 0.60205258 -0.09991432  0.70004687  0.4129663  -0.07538875 -0.26867575
   0.48808576  0.23888067  0.62193365  0.71741393]]

All spearman (by: run iteration, trial number):
[[ 0.71428571 -0.08571429  0.86965655  0.26089697 -0.31428571 -0.08571429
   0.48571429  0.48571429  0.08571429  0.92763366]]

All standard error (by: run iteration, trial number):
[[ 0.  0.  0.  0.  0.  0.  0.  0.  0.  0.]]

