1 trials ran. 1 simulated people per trial. 10 objects per simulated person.

Average pearson (by: trial number):
[ 0.93007336 -0.42889314  0.46867464  0.6926718  -0.77341756  0.09503632
  0.8857422  -0.68163755  0.67538992  0.72343441]

Average spearman (by: trial number):
[ 0.82857143 -0.02857143  0.57977104  0.49280538 -0.6        -0.31428571
  0.82857143 -0.82857143  0.77142857  0.69572524]

Average standard error (by: trial number):
[ 0.  0.  0.  0.  0.  0.  0.  0.  0.  0.]

All objects (by: run iteration, oneshot trial, simulated person):
[[[[337, 498, 691, 693, 917, 401, 288, 991, 56, 258]], [[358, 421, 919, 208, 123, 237, 56, 429, 918, 685]], [[775, 360, 565, 6, 349, 76, 866, 22, 500, 773]], [[658, 847, 409, 396, 522, 873, 425, 793, 734, 905]], [[710, 677, 723, 617, 993, 871, 609, 628, 395, 132]], [[878, 20, 523, 313, 604, 553, 609, 167, 32, 694]], [[826, 585, 391, 799, 781, 968, 314, 383, 635, 681]], [[774, 324, 495, 821, 612, 55, 415, 663, 682, 194]], [[487, 463, 255, 739, 360, 324, 198, 812, 64, 530]], [[554, 710, 227, 171, 406, 685, 409, 279, 133, 504]]]]

All pearson (by: run iteration, trial number):
[[ 0.93007336 -0.42889314  0.46867464  0.6926718  -0.77341756  0.09503632
   0.8857422  -0.68163755  0.67538992  0.72343441]]

All spearman (by: run iteration, trial number):
[[ 0.82857143 -0.02857143  0.57977104  0.49280538 -0.6        -0.31428571
   0.82857143 -0.82857143  0.77142857  0.69572524]]

All standard error (by: run iteration, trial number):
[[ 0.  0.  0.  0.  0.  0.  0.  0.  0.  0.]]

