1 trials ran. 1 simulated people per trial. 20 objects per simulated person.

Average pearson (by: trial number):
[ 0.81081292  0.08309157  0.53926846  0.42228461 -0.84139846  0.34252819
  0.8493727   0.01712345  0.76782347  0.7904254 ]

Average spearman (by: trial number):
[ 0.82857143 -0.08571429  0.57977104  0.26089697 -0.6         0.02857143
  0.71428571  0.02857143  0.54285714  0.89864511]

Average standard error (by: trial number):
[ 0.  0.  0.  0.  0.  0.  0.  0.  0.  0.]

All objects (by: run iteration, oneshot trial, simulated person):
[[[[239, 986, 949, 708, 690, 348, 995, 481, 397, 180, 394, 961, 227, 657, 896, 576, 225, 283, 259, 28]], [[19, 721, 847, 483, 940, 691, 59, 112, 770, 462, 58, 698, 690, 423, 711, 557, 972, 712, 667, 213]], [[363, 371, 845, 49, 382, 488, 740, 604, 790, 416, 269, 297, 578, 917, 67, 322, 663, 61, 704, 596]], [[372, 112, 249, 912, 700, 646, 575, 960, 387, 168, 906, 39, 726, 261, 707, 47, 284, 81, 232, 518]], [[825, 21, 286, 743, 265, 763, 627, 128, 288, 181, 374, 6, 60, 582, 295, 460, 35, 676, 281, 154]], [[100, 36, 209, 205, 17, 687, 72, 780, 994, 335, 869, 534, 215, 256, 544, 223, 978, 768, 587, 618]], [[542, 252, 98, 369, 654, 39, 180, 245, 310, 366, 636, 300, 75, 846, 572, 744, 255, 117, 944, 853]], [[130, 118, 880, 601, 265, 264, 240, 622, 688, 868, 701, 655, 643, 709, 271, 806, 347, 531, 778, 782]], [[742, 856, 639, 493, 444, 294, 927, 591, 762, 676, 922, 839, 790, 299, 210, 535, 520, 770, 549, 270]], [[711, 127, 677, 713, 356, 51, 805, 972, 523, 510, 58, 848, 736, 668, 78, 262, 437, 594, 892, 738]]]]

All pearson (by: run iteration, trial number):
[[ 0.81081292  0.08309157  0.53926846  0.42228461 -0.84139846  0.34252819
   0.8493727   0.01712345  0.76782347  0.7904254 ]]

All spearman (by: run iteration, trial number):
[[ 0.82857143 -0.08571429  0.57977104  0.26089697 -0.6         0.02857143
   0.71428571  0.02857143  0.54285714  0.89864511]]

All standard error (by: run iteration, trial number):
[[ 0.  0.  0.  0.  0.  0.  0.  0.  0.  0.]]

