3 trials ran. 25 simulated people per trial. 5 objects per simulated person.

Average pearson (by: trial number):
[ 0.87643451  0.1735994   0.65220407  0.70824215  0.06343744  0.36131364
  0.84833672  0.40444165 -0.41136438  0.81364001]

Average spearman (by: trial number):
[ 0.86666667  0.12380952  0.73437665  0.61842244 -0.12380952  0.42857143
  0.79047619  0.1047619  -0.27619048  0.7440395 ]

Average standard error (by: trial number):
[ 0.07686519  0.05794505  0.07014089  0.07241815  0.05682988  0.08198529
  0.06764477  0.05901424  0.05743662  0.08274682]

All objects (by: run iteration, oneshot trial, simulated person):
[[[[811, 395, 578, 674, 816], [316, 255, 520, 300, 226], [173, 159, 348, 782, 304], [571, 945, 632, 980, 497], [837, 84, 281, 923, 940], [194, 535, 437, 294, 208], [669, 308, 886, 329, 361], [7, 548, 339, 118, 828], [488, 288, 316, 670, 456], [527, 665, 832, 850, 734], [613, 841, 454, 969, 309], [64, 846, 568, 59, 120], [578, 528, 327, 74, 537], [164, 467, 0, 364, 409], [717, 907, 489, 437, 216], [250, 264, 83, 800, 937], [598, 659, 970, 889, 122], [618, 362, 319, 409, 756], [931, 852, 658, 282, 984], [25, 221, 284, 306, 388], [122, 297, 427, 802, 204], [641, 692, 625, 97, 841], [569, 813, 29, 256, 961], [696, 76, 67, 588, 890], [367, 955, 687, 757, 897]], [[953, 382, 389, 808, 327], [537, 526, 967, 972, 249], [111, 868, 788, 785, 209], [236, 112, 757, 586, 91], [940, 629, 187, 407, 916], [798, 901, 843, 360, 704], [212, 252, 690, 794, 712], [933, 260, 570, 912, 115], [57, 696, 269, 751, 297], [331, 376, 721, 933, 957], [548, 561, 938, 767, 337], [446, 863, 388, 399, 345], [420, 636, 714, 727, 316], [697, 495, 237, 603, 416], [667, 393, 199, 44, 490], [979, 811, 664, 77, 594], [575, 216, 747, 468, 776], [135, 636, 454, 189, 572], [638, 627, 648, 258, 25], [934, 134, 717, 362, 940], [110, 889, 337, 461, 413], [444, 856, 681, 53, 736], [854, 528, 264, 740, 949], [399, 954, 426, 511, 350], [122, 28, 889, 349, 559]], [[60, 818, 302, 406, 802], [316, 645, 461, 363, 783], [563, 787, 57, 50, 314], [126, 157, 30, 861, 123], [952, 451, 998, 326, 90], [42, 998, 297, 870, 112], [153, 912, 884, 68, 128], [835, 300, 573, 248, 513], [521, 425, 277, 543, 715], [35, 587, 466, 819, 462], [992, 577, 516, 333, 49], [615, 993, 171, 399, 443], [588, 166, 245, 303, 347], [245, 497, 169, 442, 830], [641, 266, 665, 720, 501], [755, 362, 830, 567, 21], [485, 239, 698, 125, 590], [775, 736, 212, 963, 392], [450, 712, 1, 348, 502], [163, 388, 978, 594, 662], [362, 5, 58, 779, 874], [283, 362, 390, 136, 311], [230, 482, 467, 775, 538], [684, 442, 571, 439, 593], [994, 669, 396, 238, 109]], [[278, 34, 85, 445, 625], [428, 985, 272, 572, 612], [734, 98, 541, 406, 588], [992, 379, 77, 440, 617], [837, 774, 207, 510, 237], [950, 888, 231, 758, 125], [217, 245, 178, 344, 534], [270, 586, 639, 450, 863], [599, 176, 368, 298, 243], [344, 278, 777, 646, 92], [414, 633, 892, 325, 682], [380, 306, 565, 962, 625], [60, 592, 636, 201, 796], [59, 213, 212, 105, 58], [623, 706, 749, 528, 750], [803, 534, 662, 689, 33], [500, 27, 843, 9, 768], [718, 195, 737, 571, 224], [902, 349, 86, 860, 878], [192, 434, 852, 907, 222], [773, 521, 453, 659, 946], [691, 620, 343, 578, 951], [572, 208, 532, 764, 962], [530, 273, 311, 323, 187], [734, 609, 942, 304, 256]], [[807, 45, 274, 696, 406], [195, 714, 171, 601, 259], [596, 514, 551, 435, 203], [521, 289, 238, 332, 705], [400, 816, 125, 890, 114], [303, 450, 261, 651, 998], [941, 253, 861, 136, 483], [868, 337, 937, 995, 593], [345, 460, 314, 307, 547], [453, 912, 223, 252, 137], [673, 293, 490, 692, 907], [650, 270, 154, 646, 965], [528, 105, 718, 926, 328], [831, 685, 529, 410, 932], [755, 827, 502, 483, 734], [807, 253, 266, 616, 799], [486, 809, 727, 586, 345], [911, 808, 283, 976, 704], [204, 641, 967, 327, 776], [275, 260, 990, 883, 824], [673, 678, 915, 348, 706], [581, 986, 389, 460, 659], [180, 173, 452, 536, 911], [822, 179, 861, 796, 397], [682, 619, 910, 358, 501]], [[689, 999, 66, 897, 88], [127, 875, 888, 39, 822], [444, 711, 1, 16, 187], [675, 257, 414, 810, 786], [755, 399, 960, 345, 577], [905, 128, 589, 23, 52], [716, 459, 68, 773, 478], [231, 768, 891, 649, 64], [205, 49, 305, 114, 939], [787, 930, 750, 682, 799], [759, 355, 190, 83, 205], [31, 233, 981, 461, 342], [284, 383, 239, 615, 988], [399, 239, 879, 315, 462], [210, 623, 568, 42, 431], [875, 816, 197, 253, 777], [465, 926, 474, 240, 982], [512, 25, 902, 864, 344], [211, 726, 686, 218, 334], [283, 785, 477, 853, 127], [733, 851, 206, 661, 666], [365, 746, 786, 455, 65], [767, 437, 403, 977, 475], [271, 822, 613, 537, 666], [657, 199, 664, 365, 698]], [[908, 992, 376, 434, 51], [973, 492, 623, 981, 153], [478, 396, 102, 353, 63], [426, 951, 271, 355, 149], [509, 910, 569, 564, 310], [481, 718, 948, 278, 293], [866, 160, 782, 107, 607], [484, 664, 688, 793, 40], [226, 497, 762, 119, 753], [367, 843, 395, 322, 704], [286, 795, 343, 311, 131], [919, 123, 594, 322, 927], [200, 53, 804, 663, 929], [106, 808, 534, 446, 790], [551, 729, 126, 225, 404], [734, 257, 413, 780, 325], [896, 570, 358, 733, 587], [186, 881, 335, 368, 888], [251, 941, 456, 18, 9], [117, 114, 537, 923, 807], [328, 627, 972, 454, 34], [377, 221, 354, 364, 697], [65, 789, 936, 341, 33], [46, 943, 203, 652, 759], [574, 660, 994, 220, 670]], [[477, 677, 835, 188, 537], [730, 123, 975, 878, 989], [506, 567, 547, 457, 663], [78, 463, 52, 18, 309], [654, 38, 901, 508, 678], [456, 378, 631, 136, 650], [664, 366, 818, 403, 900], [475, 211, 918, 247, 231], [720, 107, 818, 289, 956], [96, 777, 655, 587, 242], [637, 310, 618, 767, 124], [788, 695, 705, 651, 219], [223, 911, 938, 729, 371], [872, 564, 630, 270, 183], [163, 908, 365, 59, 528], [937, 579, 15, 748, 596], [141, 45, 939, 499, 587], [286, 840, 69, 332, 790], [195, 537, 29, 696, 477], [319, 345, 641, 342, 575], [383, 660, 299, 411, 790], [43, 35, 291, 753, 969], [800, 395, 856, 979, 750], [922, 690, 910, 341, 371], [560, 424, 621, 870, 40]], [[717, 991, 565, 682, 132], [153, 230, 833, 686, 815], [786, 735, 377, 413, 442], [948, 344, 498, 278, 109], [718, 502, 28, 52, 887], [221, 194, 569, 483, 457], [483, 939, 809, 622, 945], [133, 70, 565, 990, 79], [438, 743, 679, 652, 560], [330, 502, 594, 13, 815], [854, 871, 610, 183, 655], [229, 433, 677, 386, 68], [677, 7, 74, 518, 346], [282, 491, 710, 322, 937], [775, 84, 240, 853, 396], [864, 513, 320, 112, 730], [170, 544, 753, 656, 278], [729, 994, 462, 99, 804], [188, 205, 57, 829, 288], [702, 521, 760, 674, 222], [109, 110, 19, 524, 163], [894, 975, 843, 112, 980], [276, 623, 879, 678, 513], [902, 324, 2, 519, 446], [631, 661, 375, 433, 199]], [[908, 620, 441, 3, 951], [379, 706, 885, 389, 877], [33, 518, 180, 148, 941], [691, 282, 566, 349, 382], [195, 129, 905, 976, 501], [830, 349, 551, 993, 466], [668, 172, 408, 22, 556], [381, 350, 985, 677, 25], [289, 487, 964, 372, 119], [390, 509, 891, 838, 794], [440, 44, 331, 304, 999], [229, 376, 834, 205, 425], [40, 352, 507, 309, 104], [406, 619, 395, 732, 309], [857, 446, 436, 507, 938], [50, 19, 962, 869, 239], [986, 63, 343, 150, 611], [559, 371, 719, 129, 879], [537, 488, 153, 887, 248], [103, 740, 62, 158, 838], [649, 461, 358, 98, 378], [833, 716, 336, 132, 610], [423, 231, 709, 538, 686], [921, 504, 41, 250, 363], [884, 349, 257, 899, 269]]], [[[805, 836, 343, 937, 669], [472, 910, 807, 593, 425], [745, 789, 599, 600, 746], [123, 363, 787, 287, 332], [307, 23, 483, 816, 854], [12, 782, 385, 173, 835], [239, 529, 196, 965, 309], [68, 850, 246, 887, 918], [222, 153, 926, 859, 337], [294, 245, 664, 570, 565], [96, 572, 996, 703, 964], [0, 349, 212, 164, 407], [588, 892, 378, 124, 809], [511, 774, 409, 291, 728], [369, 279, 995, 331, 72], [991, 471, 429, 788, 905], [849, 251, 699, 468, 933], [247, 739, 345, 415, 285], [691, 512, 601, 934, 883], [238, 915, 944, 618, 163], [179, 345, 534, 481, 299], [145, 463, 798, 320, 811], [740, 920, 50, 811, 518], [419, 981, 629, 809, 546], [410, 689, 207, 181, 865]], [[972, 120, 787, 915, 936], [593, 389, 382, 582, 218], [514, 336, 811, 65, 941], [922, 133, 560, 863, 28], [988, 706, 471, 676, 129], [38, 312, 367, 66, 612], [305, 356, 322, 981, 694], [680, 546, 748, 234, 210], [733, 639, 542, 662, 303], [506, 971, 887, 6, 46], [465, 804, 316, 529, 389], [873, 476, 217, 575, 364], [513, 743, 92, 392, 76], [917, 77, 29, 166, 302], [692, 201, 481, 745, 32], [215, 919, 752, 520, 523], [234, 700, 642, 200, 584], [553, 513, 635, 645, 240], [843, 721, 65, 966, 797], [992, 541, 903, 841, 183], [107, 131, 734, 772, 66], [208, 467, 404, 564, 782], [624, 916, 531, 176, 777], [335, 819, 468, 36, 539], [811, 167, 290, 558, 243]], [[771, 385, 912, 366, 491], [868, 621, 259, 168, 221], [387, 170, 478, 321, 911], [26, 419, 736, 641, 230], [683, 478, 718, 77, 461], [833, 33, 464, 202, 897], [947, 888, 700, 764, 121], [514, 64, 465, 243, 668], [428, 533, 95, 347, 886], [309, 201, 259, 310, 463], [354, 756, 816, 8, 85], [570, 619, 635, 348, 891], [393, 801, 545, 926, 882], [765, 34, 93, 637, 387], [701, 91, 133, 990, 986], [430, 200, 153, 498, 773], [228, 239, 946, 127, 580], [762, 445, 548, 81, 34], [615, 400, 821, 560, 364], [467, 327, 549, 10, 45], [85, 812, 487, 325, 763], [884, 976, 240, 535, 693], [592, 64, 158, 649, 124], [847, 194, 533, 302, 36], [472, 838, 943, 608, 953]], [[300, 342, 588, 609, 336], [210, 215, 515, 162, 99], [308, 809, 428, 751, 622], [367, 547, 177, 243, 660], [841, 449, 961, 347, 782], [66, 145, 614, 160, 867], [968, 70, 187, 713, 980], [313, 141, 401, 537, 867], [735, 108, 700, 542, 677], [76, 557, 831, 349, 208], [855, 279, 260, 150, 641], [137, 578, 526, 909, 548], [729, 627, 980, 693, 7], [428, 85, 490, 277, 250], [641, 615, 27, 647, 626], [547, 9, 572, 290, 645], [831, 231, 385, 107, 340], [29, 790, 321, 773, 430], [629, 784, 494, 250, 365], [86, 391, 766, 321, 13], [445, 647, 794, 228, 279], [153, 765, 404, 903, 751], [213, 35, 491, 78, 313], [128, 482, 696, 203, 714], [83, 213, 750, 85, 574]], [[808, 86, 566, 925, 168], [802, 119, 769, 90, 984], [918, 759, 479, 735, 650], [399, 822, 288, 577, 268], [442, 814, 367, 150, 632], [18, 873, 512, 792, 353], [280, 293, 302, 959, 984], [307, 996, 727, 831, 855], [355, 347, 185, 740, 538], [921, 328, 775, 570, 12], [381, 39, 452, 912, 554], [734, 711, 309, 377, 75], [157, 316, 93, 832, 979], [627, 663, 15, 638, 906], [324, 372, 346, 497, 842], [388, 981, 218, 861, 993], [818, 906, 291, 883, 102], [340, 439, 837, 156, 446], [863, 82, 479, 923, 851], [603, 858, 518, 179, 847], [698, 936, 85, 483, 766], [440, 161, 646, 404, 389], [297, 434, 934, 314, 9], [932, 372, 969, 680, 859], [391, 787, 108, 845, 496]], [[491, 691, 360, 660, 884], [750, 474, 773, 730, 840], [363, 841, 389, 635, 168], [530, 209, 64, 499, 174], [418, 53, 652, 323, 476], [474, 200, 510, 443, 570], [968, 983, 488, 580, 398], [65, 325, 303, 76, 618], [945, 901, 972, 925, 970], [304, 298, 624, 396, 824], [635, 40, 198, 775, 467], [606, 936, 342, 182, 434], [655, 325, 977, 61, 282], [587, 62, 624, 340, 490], [601, 166, 6, 388, 676], [988, 182, 566, 934, 351], [104, 522, 147, 320, 884], [594, 257, 760, 610, 385], [174, 294, 101, 472, 180], [113, 688, 244, 937, 194], [745, 746, 527, 346, 109], [525, 998, 795, 112, 448], [892, 921, 518, 796, 825], [221, 715, 708, 822, 584], [967, 747, 672, 674, 308]], [[83, 758, 742, 179, 402], [305, 161, 515, 195, 85], [506, 18, 543, 322, 393], [345, 661, 355, 867, 944], [440, 138, 157, 327, 383], [474, 746, 346, 360, 389], [22, 340, 871, 580, 667], [159, 88, 763, 523, 929], [227, 773, 244, 598, 775], [13, 395, 271, 537, 255], [925, 846, 323, 893, 212], [558, 372, 877, 209, 192], [348, 811, 925, 42, 571], [9, 155, 779, 553, 501], [424, 226, 660, 213, 778], [993, 587, 263, 249, 608], [850, 499, 38, 965, 549], [939, 573, 316, 489, 621], [408, 274, 459, 557, 757], [331, 271, 900, 149, 504], [675, 547, 303, 316, 755], [518, 868, 294, 721, 703], [769, 722, 631, 846, 619], [695, 681, 487, 767, 424], [290, 162, 510, 810, 730]], [[364, 591, 366, 343, 925], [256, 989, 301, 712, 886], [984, 264, 971, 83, 18], [106, 829, 35, 86, 6], [439, 145, 992, 35, 316], [365, 2, 312, 475, 798], [889, 68, 298, 201, 994], [198, 205, 58, 498, 166], [571, 744, 140, 682, 617], [876, 442, 829, 522, 975], [61, 268, 600, 613, 427], [972, 102, 192, 133, 883], [775, 232, 78, 299, 519], [738, 924, 633, 950, 112], [138, 644, 91, 911, 385], [985, 88, 318, 172, 852], [549, 842, 620, 319, 93], [409, 148, 191, 88, 150], [852, 398, 540, 594, 20], [373, 133, 512, 874, 295], [903, 33, 537, 789, 11], [34, 385, 91, 805, 534], [270, 146, 212, 234, 73], [564, 731, 70, 107, 892], [541, 889, 214, 610, 832]], [[861, 256, 126, 222, 375], [461, 141, 802, 910, 514], [712, 915, 787, 42, 192], [231, 842, 757, 282, 483], [621, 747, 181, 18, 301], [677, 141, 163, 941, 469], [751, 49, 878, 213, 767], [863, 868, 236, 527, 630], [195, 234, 603, 114, 327], [182, 940, 366, 837, 31], [655, 654, 888, 846, 775], [991, 480, 496, 32, 756], [227, 107, 549, 803, 303], [513, 793, 18, 768, 736], [194, 162, 964, 798, 550], [946, 449, 350, 224, 874], [991, 617, 306, 881, 237], [173, 483, 889, 903, 25], [344, 464, 41, 765, 269], [875, 895, 442, 255, 605], [976, 241, 917, 230, 223], [155, 184, 40, 630, 921], [997, 396, 465, 832, 297], [391, 248, 538, 548, 694], [689, 16, 118, 994, 355]], [[201, 593, 803, 275, 569], [340, 901, 677, 10, 666], [152, 155, 666, 187, 704], [580, 641, 689, 326, 277], [716, 414, 56, 814, 404], [247, 489, 354, 991, 443], [581, 429, 415, 530, 213], [751, 843, 6, 500, 459], [572, 467, 239, 285, 178], [100, 39, 265, 178, 300], [588, 811, 926, 102, 122], [660, 810, 83, 258, 100], [724, 541, 669, 101, 44], [289, 245, 293, 185, 526], [393, 652, 624, 519, 353], [913, 24, 89, 805, 347], [951, 776, 905, 677, 433], [113, 47, 280, 127, 847], [159, 266, 469, 524, 753], [39, 607, 621, 109, 691], [935, 645, 109, 690, 655], [481, 629, 6, 0, 512], [57, 408, 972, 180, 617], [504, 726, 15, 789, 34], [863, 410, 155, 577, 32]]], [[[805, 685, 81, 420, 861], [848, 789, 506, 729, 228], [16, 32, 145, 418, 801], [362, 638, 150, 670, 6], [927, 690, 871, 345, 545], [935, 824, 666, 151, 828], [854, 262, 714, 773, 858], [206, 109, 48, 355, 511], [954, 727, 92, 733, 172], [75, 546, 628, 184, 439], [484, 707, 882, 270, 118], [386, 622, 344, 301, 868], [974, 971, 108, 286, 658], [773, 45, 484, 993, 802], [310, 87, 790, 967, 881], [665, 226, 110, 759, 395], [758, 644, 296, 983, 192], [291, 592, 648, 122, 771], [234, 756, 352, 444, 289], [447, 836, 514, 839, 216], [457, 494, 653, 424, 291], [156, 32, 250, 257, 992], [147, 193, 88, 83, 989], [938, 953, 386, 351, 804], [618, 719, 8, 792, 514]], [[228, 821, 959, 856, 755], [487, 76, 277, 62, 724], [892, 882, 434, 821, 311], [554, 412, 925, 638, 198], [724, 779, 293, 735, 122], [54, 588, 653, 956, 344], [917, 244, 887, 108, 685], [950, 313, 592, 100, 766], [871, 453, 120, 114, 753], [929, 755, 82, 753, 285], [536, 29, 464, 944, 57], [962, 161, 74, 895, 990], [99, 25, 801, 814, 415], [660, 726, 91, 964, 420], [771, 497, 146, 784, 476], [264, 28, 476, 919, 66], [441, 442, 30, 572, 683], [475, 472, 961, 284, 771], [147, 959, 759, 469, 724], [0, 687, 450, 290, 684], [801, 292, 825, 20, 894], [198, 465, 669, 589, 572], [599, 433, 963, 585, 291], [479, 590, 677, 774, 833], [895, 959, 685, 169, 448]], [[169, 737, 952, 905, 686], [659, 210, 530, 618, 453], [479, 463, 645, 307, 94], [983, 213, 852, 218, 186], [206, 583, 869, 758, 226], [931, 426, 406, 468, 688], [372, 148, 549, 486, 277], [996, 177, 237, 697, 710], [82, 436, 162, 222, 387], [107, 272, 961, 221, 516], [654, 77, 601, 234, 968], [85, 308, 692, 222, 841], [753, 719, 648, 199, 882], [607, 241, 847, 415, 4], [709, 213, 598, 184, 277], [426, 658, 457, 144, 899], [288, 366, 990, 267, 490], [230, 815, 778, 970, 383], [63, 686, 937, 793, 776], [471, 393, 907, 226, 900], [163, 304, 652, 244, 399], [718, 239, 843, 329, 656], [801, 889, 846, 178, 530], [809, 980, 229, 665, 938], [447, 716, 392, 607, 942]], [[253, 703, 106, 749, 256], [116, 393, 376, 845, 263], [635, 426, 657, 912, 360], [738, 737, 443, 289, 904], [421, 506, 55, 182, 690], [88, 795, 222, 397, 331], [539, 385, 532, 490, 858], [513, 670, 394, 580, 519], [957, 901, 448, 101, 628], [816, 413, 357, 168, 251], [610, 419, 464, 843, 229], [552, 537, 345, 187, 922], [715, 465, 635, 607, 640], [453, 361, 6, 141, 379], [940, 162, 583, 584, 567], [115, 398, 931, 125, 620], [504, 95, 57, 621, 498], [993, 268, 698, 675, 163], [679, 663, 590, 481, 669], [485, 916, 815, 632, 573], [700, 817, 285, 809, 494], [568, 998, 452, 616, 633], [908, 963, 875, 414, 14], [148, 257, 256, 979, 542], [165, 475, 664, 586, 96]], [[351, 890, 458, 231, 511], [954, 453, 297, 449, 553], [497, 585, 420, 679, 620], [854, 471, 134, 920, 175], [640, 461, 129, 871, 454], [772, 470, 640, 796, 218], [337, 573, 139, 763, 862], [614, 467, 188, 504, 325], [839, 184, 325, 57, 195], [398, 449, 226, 792, 424], [656, 353, 100, 283, 128], [537, 51, 915, 481, 873], [78, 846, 434, 85, 660], [107, 494, 800, 831, 182], [124, 941, 506, 99, 252], [992, 953, 507, 913, 631], [861, 510, 70, 670, 857], [20, 440, 674, 423, 432], [193, 225, 933, 349, 997], [325, 85, 425, 458, 243], [493, 474, 420, 114, 376], [611, 905, 467, 90, 77], [386, 651, 422, 264, 746], [491, 368, 728, 828, 19], [360, 336, 28, 558, 529]], [[2, 281, 949, 240, 204], [165, 773, 620, 601, 76], [205, 429, 727, 987, 494], [580, 776, 51, 530, 843], [414, 286, 78, 807, 396], [179, 640, 896, 419, 957], [718, 70, 948, 661, 112], [865, 76, 598, 764, 717], [775, 167, 99, 719, 435], [10, 621, 228, 194, 946], [393, 723, 429, 453, 896], [18, 810, 236, 220, 72], [527, 950, 915, 58, 276], [44, 168, 651, 707, 608], [13, 178, 405, 957, 426], [961, 467, 77, 291, 992], [653, 117, 231, 483, 457], [415, 965, 192, 401, 324], [802, 452, 434, 876, 966], [149, 81, 296, 131, 999], [546, 743, 195, 273, 331], [547, 753, 251, 811, 303], [523, 892, 299, 676, 524], [77, 896, 630, 443, 610], [500, 643, 772, 167, 13]], [[99, 620, 507, 727, 328], [534, 119, 938, 676, 787], [842, 602, 986, 613, 750], [180, 948, 337, 205, 81], [757, 285, 419, 778, 589], [351, 50, 341, 789, 382], [520, 741, 815, 951, 297], [423, 24, 260, 206, 303], [264, 724, 12, 109, 681], [17, 63, 515, 275, 367], [394, 547, 47, 329, 955], [667, 62, 789, 137, 592], [555, 207, 531, 239, 944], [374, 760, 483, 264, 220], [661, 158, 799, 504, 591], [830, 263, 1, 848, 521], [725, 913, 186, 606, 866], [956, 161, 95, 418, 620], [369, 813, 14, 182, 965], [568, 72, 558, 64, 270], [328, 605, 759, 403, 797], [735, 953, 285, 967, 923], [264, 111, 661, 688, 714], [379, 479, 13, 288, 955], [552, 728, 384, 946, 769]], [[784, 114, 393, 271, 207], [246, 949, 175, 696, 957], [582, 474, 938, 713, 907], [646, 196, 254, 65, 937], [367, 475, 738, 394, 880], [428, 45, 281, 156, 258], [366, 30, 774, 36, 60], [69, 441, 584, 97, 902], [536, 930, 178, 115, 498], [273, 345, 298, 421, 854], [643, 797, 675, 22, 310], [776, 475, 266, 204, 95], [475, 212, 800, 543, 924], [724, 57, 336, 733, 892], [402, 955, 781, 737, 418], [742, 960, 715, 628, 301], [505, 886, 818, 402, 261], [306, 194, 94, 116, 30], [14, 776, 899, 284, 218], [720, 907, 645, 83, 154], [967, 11, 481, 433, 725], [453, 966, 157, 460, 488], [907, 538, 371, 563, 84], [81, 23, 441, 263, 249], [535, 994, 899, 667, 916]], [[448, 49, 866, 990, 154], [135, 794, 495, 504, 305], [450, 430, 279, 691, 685], [611, 905, 344, 625, 236], [450, 406, 677, 430, 778], [280, 59, 205, 245, 813], [787, 55, 576, 650, 44], [487, 350, 358, 753, 237], [155, 511, 660, 561, 386], [946, 263, 857, 677, 302], [942, 709, 998, 326, 198], [125, 103, 47, 21, 732], [66, 614, 797, 981, 186], [673, 552, 979, 449, 868], [557, 703, 134, 831, 106], [992, 8, 306, 714, 918], [649, 452, 70, 553, 333], [920, 290, 618, 663, 252], [60, 333, 985, 813, 322], [412, 29, 649, 656, 709], [129, 353, 880, 39, 546], [322, 979, 62, 315, 411], [112, 179, 638, 304, 484], [435, 948, 977, 906, 374], [0, 226, 239, 884, 265]], [[849, 745, 526, 381, 148], [885, 418, 63, 229, 366], [954, 694, 530, 510, 170], [49, 69, 879, 755, 605], [485, 793, 558, 624, 458], [253, 798, 634, 23, 446], [520, 686, 939, 385, 617], [216, 344, 453, 745, 38], [795, 724, 716, 184, 70], [991, 765, 367, 155, 693], [771, 44, 798, 149, 932], [549, 627, 538, 645, 900], [27, 664, 965, 429, 542], [378, 693, 844, 737, 278], [134, 268, 38, 923, 979], [392, 240, 588, 529, 188], [13, 696, 820, 398, 476], [195, 37, 212, 164, 676], [475, 430, 884, 480, 395], [941, 613, 473, 817, 596], [754, 364, 382, 624, 344], [562, 501, 993, 727, 696], [984, 307, 313, 488, 75], [366, 677, 233, 154, 47], [203, 557, 494, 841, 873]]]]

All pearson (by: run iteration, trial number):
[[ 0.82991958 -0.10631608  0.5793503   0.723215   -0.09551758  0.1973938
   0.83808582  0.36737198 -0.2732242   0.86366244]
 [ 0.83828969  0.34444343  0.63625247  0.63419052  0.03908026  0.70082209
   0.86673554  0.24831694 -0.34540871  0.83200232]
 [ 0.96109426  0.28267085  0.74100944  0.76732094  0.24674963  0.18572503
   0.84018881  0.59763604 -0.61546022  0.74525527]]

All spearman (by: run iteration, trial number):
[[ 0.82857143 -0.14285714  0.57977104  0.52179393 -0.48571429  0.37142857
   0.82857143 -0.08571429 -0.02857143  0.81167945]
 [ 0.82857143  0.25714286  0.81167945  0.66673669 -0.14285714  0.82857143
   0.71428571 -0.02857143 -0.2         0.81167945]
 [ 0.94285714  0.25714286  0.81167945  0.66673669  0.25714286  0.08571429
   0.82857143  0.42857143 -0.6         0.60875959]]

All standard error (by: run iteration, trial number):
[[ 0.08203504  0.05116535  0.07092754  0.07038678  0.05196524  0.08039333
   0.06366565  0.06735125  0.04714975  0.082339  ]
 [ 0.07492853  0.05623978  0.07361741  0.07093339  0.0600591   0.07921846
   0.07107671  0.05380004  0.08235922  0.08444612]
 [ 0.07363198  0.06643002  0.06587773  0.07593426  0.0584653   0.08634407
   0.06819196  0.05589141  0.04280089  0.08145533]]

