3 trials ran. 25 simulated people per trial. 25 objects per simulated person.

Average pearson (by: trial number):
[ 0.86128729  0.40257668  0.76669933  0.7586407   0.63007272  0.70879139
  0.83537989  0.74201435  0.89637631  0.84006343]

Average spearman (by: trial number):
[ 0.82857143  0.37142857  0.81167945  0.66673669  0.35238095  0.75238095
  0.82857143  0.48571429  0.80952381  0.81167945]

Average standard error (by: trial number):
[ 0.02989807  0.06229887  0.04054091  0.04087777  0.06652363  0.0666027
  0.03544899  0.06195193  0.07542443  0.05375791]

All objects (by: run iteration, oneshot trial, simulated person):
[[[[745, 401, 827, 607, 293, 49, 991, 958, 893, 879, 610, 347, 39, 120, 808, 200, 661, 727, 574, 984, 736, 990, 899, 462, 468], [327, 165, 666, 527, 706, 723, 517, 678, 321, 139, 455, 736, 593, 588, 299, 77, 949, 253, 850, 590, 647, 631, 203, 654, 172], [108, 612, 246, 686, 424, 357, 747, 593, 573, 227, 554, 185, 859, 739, 8, 163, 329, 347, 509, 181, 617, 403, 285, 499, 373], [332, 180, 442, 820, 32, 960, 915, 547, 27, 464, 462, 833, 579, 300, 238, 552, 94, 631, 367, 869, 452, 335, 87, 502, 292], [495, 197, 3, 567, 255, 861, 997, 842, 576, 445, 292, 463, 69, 660, 743, 234, 783, 798, 185, 519, 425, 955, 538, 873, 422], [173, 243, 624, 92, 685, 926, 482, 17, 949, 670, 404, 13, 768, 448, 827, 816, 894, 873, 842, 239, 790, 159, 311, 433, 288], [213, 990, 291, 705, 785, 996, 663, 581, 820, 736, 684, 458, 565, 875, 955, 640, 364, 531, 575, 102, 576, 402, 275, 62, 841], [696, 557, 57, 655, 118, 412, 864, 838, 853, 401, 800, 808, 614, 267, 122, 582, 460, 699, 178, 857, 80, 250, 683, 235, 489], [793, 438, 286, 822, 364, 830, 145, 74, 707, 172, 107, 731, 842, 703, 538, 162, 893, 504, 158, 778, 964, 872, 801, 976, 366], [978, 579, 914, 864, 866, 306, 343, 119, 613, 403, 522, 589, 252, 510, 296, 865, 239, 791, 447, 984, 939, 457, 963, 973, 326], [593, 881, 646, 709, 381, 202, 389, 816, 542, 821, 490, 969, 224, 339, 411, 315, 230, 295, 568, 725, 824, 597, 181, 603, 354], [182, 226, 789, 831, 407, 853, 274, 510, 531, 824, 436, 696, 798, 913, 630, 612, 686, 942, 830, 12, 712, 569, 426, 980, 318], [419, 44, 438, 114, 883, 263, 219, 112, 47, 627, 955, 847, 940, 328, 799, 387, 698, 998, 694, 503, 479, 582, 644, 451, 522], [872, 827, 88, 763, 987, 114, 841, 791, 962, 566, 105, 535, 452, 986, 494, 67, 344, 524, 843, 71, 295, 554, 820, 269, 132], [745, 399, 115, 3, 152, 288, 165, 625, 967, 983, 304, 452, 719, 910, 655, 675, 133, 280, 440, 640, 780, 473, 569, 90, 774], [910, 88, 348, 513, 905, 664, 484, 752, 398, 528, 256, 676, 208, 702, 510, 318, 93, 426, 683, 830, 567, 554, 447, 299, 623], [378, 899, 657, 588, 349, 613, 443, 202, 872, 621, 283, 255, 848, 482, 811, 634, 366, 760, 446, 120, 668, 430, 498, 243, 27], [304, 314, 252, 472, 643, 32, 979, 96, 886, 842, 622, 998, 511, 568, 211, 618, 917, 360, 611, 483, 379, 802, 285, 795, 458], [709, 461, 896, 781, 769, 994, 13, 542, 759, 555, 703, 56, 579, 237, 104, 776, 390, 989, 288, 890, 862, 124, 370, 473, 664], [670, 823, 207, 39, 397, 545, 140, 916, 330, 86, 427, 486, 498, 410, 237, 392, 820, 335, 110, 668, 57, 555, 194, 227, 562], [601, 372, 944, 755, 498, 259, 509, 361, 387, 911, 195, 673, 365, 974, 122, 658, 964, 215, 870, 721, 515, 94, 369, 886, 114], [512, 924, 502, 433, 458, 515, 846, 130, 371, 935, 480, 220, 952, 579, 670, 251, 609, 792, 705, 681, 674, 635, 726, 550, 989], [596, 459, 699, 344, 825, 993, 364, 260, 377, 805, 865, 452, 647, 573, 439, 461, 577, 395, 630, 621, 51, 455, 530, 681, 138], [541, 759, 538, 932, 591, 715, 0, 808, 656, 930, 659, 257, 873, 691, 150, 133, 130, 373, 399, 569, 213, 20, 332, 719, 831], [768, 248, 486, 619, 904, 445, 424, 500, 946, 838, 380, 789, 410, 200, 861, 719, 94, 680, 568, 922, 121, 796, 416, 863, 133]], [[313, 924, 638, 669, 718, 931, 497, 863, 58, 240, 535, 221, 170, 192, 968, 103, 883, 635, 247, 180, 27, 890, 53, 778, 106], [389, 872, 81, 958, 480, 415, 921, 876, 907, 979, 836, 694, 949, 210, 774, 425, 148, 864, 109, 650, 655, 343, 966, 79, 842], [583, 740, 626, 160, 644, 370, 670, 724, 802, 57, 314, 440, 336, 624, 9, 676, 906, 279, 806, 429, 166, 943, 180, 21, 782], [912, 245, 406, 401, 408, 301, 870, 342, 632, 240, 285, 196, 900, 981, 583, 709, 267, 82, 395, 774, 575, 407, 171, 175, 369], [897, 648, 378, 80, 691, 922, 951, 507, 631, 600, 971, 717, 723, 966, 471, 679, 468, 975, 67, 580, 252, 864, 222, 639, 278], [72, 528, 985, 963, 496, 693, 934, 235, 727, 692, 399, 900, 758, 360, 533, 209, 907, 141, 547, 392, 326, 874, 581, 561, 86], [433, 201, 461, 563, 650, 159, 218, 564, 318, 18, 126, 906, 587, 207, 930, 826, 629, 547, 93, 512, 255, 821, 634, 613, 265], [924, 325, 217, 843, 822, 367, 95, 965, 209, 640, 917, 907, 679, 159, 824, 173, 550, 336, 690, 29, 806, 602, 744, 912, 726], [911, 140, 942, 416, 529, 243, 630, 632, 840, 614, 225, 188, 894, 460, 450, 222, 143, 625, 186, 824, 15, 194, 22, 434, 388], [757, 635, 610, 390, 152, 518, 567, 469, 126, 129, 773, 184, 761, 343, 492, 132, 666, 599, 801, 997, 619, 664, 996, 739, 687], [186, 309, 570, 762, 781, 925, 19, 671, 995, 641, 877, 777, 668, 620, 571, 275, 582, 988, 187, 604, 329, 723, 455, 492, 140], [247, 107, 680, 252, 927, 494, 711, 408, 735, 459, 40, 700, 461, 731, 651, 698, 289, 144, 694, 307, 934, 222, 188, 239, 942], [640, 7, 684, 675, 417, 233, 311, 821, 877, 423, 698, 73, 413, 409, 401, 866, 9, 679, 510, 273, 967, 789, 796, 594, 832], [120, 338, 858, 289, 58, 483, 510, 421, 418, 761, 312, 398, 936, 698, 364, 265, 410, 887, 109, 272, 461, 682, 20, 131, 809], [676, 360, 508, 976, 965, 402, 376, 669, 819, 988, 217, 868, 365, 617, 87, 528, 377, 152, 874, 378, 610, 583, 629, 379, 393], [178, 641, 564, 857, 503, 918, 868, 269, 104, 352, 346, 86, 449, 781, 450, 342, 35, 675, 125, 806, 276, 3, 446, 929, 919], [666, 897, 225, 674, 288, 990, 677, 384, 805, 1, 177, 248, 739, 652, 327, 729, 539, 521, 740, 441, 515, 155, 405, 185, 814], [658, 552, 933, 326, 654, 14, 906, 183, 701, 888, 357, 424, 213, 37, 301, 909, 350, 787, 370, 588, 325, 385, 77, 780, 125], [340, 656, 793, 843, 5, 968, 364, 638, 832, 279, 158, 680, 225, 347, 772, 188, 521, 956, 523, 546, 770, 467, 854, 667, 443], [839, 13, 961, 826, 943, 213, 706, 562, 123, 935, 637, 686, 982, 877, 397, 535, 289, 498, 642, 41, 834, 272, 989, 837, 59], [30, 126, 505, 712, 537, 306, 829, 502, 534, 35, 425, 217, 818, 308, 302, 258, 592, 853, 483, 216, 771, 907, 176, 860, 146], [169, 269, 918, 314, 558, 174, 662, 256, 698, 880, 454, 669, 578, 326, 690, 7, 168, 634, 642, 162, 399, 936, 79, 395, 520], [882, 149, 500, 466, 982, 891, 751, 817, 937, 450, 0, 935, 646, 693, 791, 179, 804, 783, 205, 519, 306, 871, 837, 806, 219], [333, 907, 435, 592, 197, 678, 945, 222, 751, 900, 689, 361, 943, 526, 804, 276, 311, 292, 987, 832, 227, 685, 242, 143, 767], [89, 676, 942, 982, 37, 717, 546, 268, 189, 674, 33, 23, 228, 10, 755, 540, 441, 820, 856, 655, 175, 862, 213, 154, 553]], [[590, 32, 859, 14, 412, 312, 696, 873, 732, 751, 139, 459, 377, 936, 447, 837, 117, 722, 76, 314, 724, 673, 346, 310, 499], [346, 863, 286, 148, 460, 115, 794, 880, 478, 109, 439, 953, 749, 414, 929, 53, 899, 191, 786, 962, 591, 784, 722, 452, 219], [907, 817, 25, 467, 47, 627, 298, 251, 122, 183, 921, 659, 396, 470, 723, 599, 221, 391, 406, 490, 580, 920, 621, 199, 614], [837, 400, 95, 136, 462, 440, 914, 821, 935, 923, 830, 364, 1, 970, 360, 204, 995, 776, 940, 730, 468, 534, 666, 993, 763], [576, 478, 993, 267, 680, 645, 511, 317, 182, 866, 425, 960, 523, 799, 341, 75, 997, 446, 414, 270, 506, 28, 655, 696, 372], [539, 512, 263, 391, 443, 323, 141, 244, 719, 328, 648, 234, 733, 344, 114, 942, 151, 316, 695, 168, 972, 228, 30, 826, 596], [836, 382, 220, 940, 854, 664, 781, 106, 548, 315, 874, 388, 480, 312, 964, 258, 80, 613, 991, 833, 280, 970, 332, 57, 240], [11, 110, 679, 632, 966, 120, 730, 343, 671, 833, 502, 37, 592, 152, 94, 750, 442, 877, 313, 556, 163, 5, 539, 454, 549], [542, 811, 372, 310, 916, 154, 3, 801, 599, 780, 445, 650, 116, 691, 309, 991, 516, 748, 109, 472, 787, 721, 134, 760, 820], [508, 806, 587, 841, 835, 971, 286, 898, 953, 901, 722, 759, 858, 424, 846, 742, 189, 304, 798, 582, 864, 991, 99, 468, 361], [279, 831, 957, 543, 569, 995, 107, 588, 875, 484, 627, 741, 617, 59, 747, 103, 244, 70, 100, 402, 923, 535, 370, 756, 993], [691, 791, 338, 449, 229, 447, 353, 812, 17, 794, 153, 940, 210, 44, 84, 265, 886, 692, 59, 898, 477, 931, 344, 336, 198], [981, 77, 209, 597, 877, 415, 702, 122, 914, 826, 794, 2, 269, 958, 554, 951, 622, 576, 587, 171, 412, 563, 955, 564, 668], [407, 978, 855, 334, 322, 257, 109, 373, 287, 957, 76, 406, 737, 261, 72, 970, 352, 326, 307, 628, 29, 283, 30, 834, 451], [320, 978, 633, 733, 190, 291, 213, 358, 680, 307, 117, 68, 231, 652, 832, 30, 485, 734, 54, 611, 809, 983, 29, 823, 580], [850, 536, 703, 639, 505, 316, 296, 281, 891, 176, 450, 161, 466, 408, 517, 147, 276, 23, 123, 283, 475, 994, 528, 718, 346], [894, 498, 124, 335, 505, 558, 756, 663, 679, 694, 722, 244, 670, 812, 945, 764, 510, 586, 965, 165, 419, 795, 269, 994, 493], [2, 823, 307, 236, 460, 600, 766, 550, 982, 812, 663, 129, 216, 399, 220, 792, 241, 402, 356, 9, 720, 317, 533, 885, 468], [931, 204, 128, 330, 74, 469, 110, 608, 130, 879, 836, 175, 849, 904, 918, 373, 962, 470, 803, 560, 363, 7, 308, 371, 868], [873, 345, 913, 499, 370, 282, 92, 776, 388, 604, 800, 956, 175, 110, 560, 441, 834, 236, 339, 564, 306, 657, 440, 489, 902], [321, 297, 296, 125, 472, 894, 304, 204, 954, 687, 614, 14, 179, 937, 609, 331, 769, 200, 134, 412, 740, 955, 416, 112, 389], [29, 872, 842, 624, 508, 152, 761, 226, 71, 15, 772, 982, 324, 702, 866, 331, 645, 920, 951, 550, 245, 218, 472, 76, 171], [679, 850, 666, 166, 412, 85, 955, 851, 463, 639, 567, 317, 791, 544, 927, 344, 490, 507, 118, 620, 812, 932, 440, 54, 609], [627, 648, 176, 890, 227, 609, 380, 540, 356, 211, 612, 911, 952, 371, 796, 76, 838, 883, 411, 86, 10, 567, 440, 375, 926], [178, 709, 844, 804, 115, 547, 412, 386, 882, 435, 677, 133, 241, 514, 17, 955, 465, 157, 338, 942, 186, 106, 610, 505, 78]], [[226, 977, 28, 404, 912, 578, 648, 296, 698, 244, 304, 178, 5, 712, 30, 832, 354, 91, 54, 564, 308, 113, 221, 64, 177], [387, 43, 550, 230, 437, 629, 530, 625, 508, 380, 989, 500, 878, 70, 735, 911, 503, 967, 601, 835, 329, 854, 727, 710, 21], [979, 731, 970, 169, 762, 830, 621, 102, 593, 412, 84, 132, 218, 519, 182, 964, 214, 419, 510, 734, 512, 96, 768, 56, 142], [930, 154, 7, 737, 97, 724, 333, 474, 611, 100, 337, 659, 875, 669, 313, 78, 198, 203, 782, 829, 408, 686, 986, 785, 996], [915, 114, 374, 117, 948, 947, 595, 346, 224, 408, 126, 144, 487, 89, 573, 128, 24, 853, 759, 922, 828, 745, 356, 360, 245], [985, 528, 919, 173, 145, 122, 127, 891, 731, 720, 970, 404, 557, 131, 668, 220, 532, 44, 320, 75, 735, 902, 142, 816, 314], [805, 649, 933, 515, 182, 723, 951, 689, 441, 775, 578, 843, 587, 793, 996, 445, 736, 966, 134, 258, 26, 632, 389, 529, 63], [950, 185, 347, 288, 332, 664, 717, 523, 75, 728, 974, 269, 698, 841, 840, 113, 353, 132, 47, 588, 607, 742, 965, 112, 239], [830, 123, 823, 262, 712, 110, 934, 654, 686, 302, 221, 611, 606, 7, 728, 592, 235, 299, 560, 438, 493, 252, 719, 899, 878], [653, 708, 711, 788, 941, 270, 400, 697, 360, 64, 525, 849, 641, 884, 655, 481, 352, 186, 4, 983, 909, 737, 235, 670, 280], [900, 402, 263, 890, 65, 268, 228, 11, 819, 317, 9, 682, 356, 549, 282, 328, 554, 382, 72, 345, 493, 873, 30, 921, 192], [215, 885, 39, 716, 596, 633, 742, 207, 737, 821, 391, 281, 758, 794, 108, 480, 126, 190, 630, 561, 691, 163, 271, 507, 81], [278, 766, 57, 47, 411, 264, 239, 361, 486, 137, 166, 79, 394, 873, 556, 285, 546, 783, 642, 454, 840, 664, 457, 887, 631], [83, 709, 580, 311, 237, 909, 256, 494, 448, 956, 825, 889, 326, 131, 396, 343, 621, 60, 994, 313, 73, 203, 545, 864, 655], [522, 420, 727, 121, 331, 638, 155, 439, 288, 825, 711, 99, 932, 795, 250, 917, 430, 674, 47, 515, 44, 753, 476, 300, 388], [965, 554, 238, 293, 932, 30, 718, 802, 858, 414, 586, 548, 261, 449, 571, 55, 750, 418, 362, 873, 348, 931, 798, 794, 428], [415, 83, 449, 261, 716, 232, 472, 561, 137, 429, 297, 428, 188, 1, 539, 981, 237, 99, 566, 203, 213, 622, 701, 257, 670], [396, 108, 271, 415, 432, 531, 674, 603, 854, 149, 355, 733, 570, 308, 187, 687, 550, 213, 631, 161, 951, 410, 118, 90, 338], [393, 484, 500, 710, 834, 713, 285, 875, 717, 476, 525, 828, 508, 532, 732, 981, 835, 155, 736, 442, 114, 862, 370, 548, 100], [280, 71, 361, 9, 855, 549, 434, 650, 830, 845, 335, 249, 287, 895, 891, 944, 355, 359, 792, 523, 486, 297, 56, 611, 787], [429, 532, 598, 893, 237, 413, 959, 87, 569, 724, 437, 115, 153, 711, 44, 117, 463, 338, 562, 24, 499, 4, 757, 535, 314], [824, 229, 846, 102, 2, 850, 198, 963, 235, 500, 834, 829, 302, 376, 429, 708, 343, 111, 103, 80, 554, 341, 38, 898, 566], [163, 344, 180, 981, 245, 700, 986, 823, 341, 412, 535, 218, 930, 508, 826, 61, 406, 356, 791, 449, 179, 744, 370, 329, 738], [847, 564, 574, 237, 31, 320, 86, 575, 461, 143, 974, 791, 942, 582, 197, 512, 354, 830, 543, 337, 450, 102, 986, 484, 660], [826, 91, 757, 47, 236, 63, 491, 341, 27, 893, 198, 949, 369, 238, 470, 379, 117, 617, 998, 596, 604, 334, 320, 6, 842]], [[941, 619, 503, 415, 892, 731, 563, 87, 938, 463, 980, 797, 256, 252, 341, 520, 904, 139, 68, 62, 609, 947, 779, 2, 338], [389, 478, 689, 110, 17, 84, 635, 916, 457, 164, 772, 764, 959, 263, 512, 683, 312, 684, 506, 674, 631, 458, 213, 553, 339], [886, 80, 681, 675, 230, 432, 426, 70, 482, 563, 762, 40, 293, 323, 298, 708, 450, 332, 589, 84, 3, 109, 625, 296, 825], [988, 802, 971, 853, 372, 244, 925, 714, 363, 726, 902, 898, 928, 189, 421, 832, 53, 109, 269, 638, 558, 419, 103, 478, 617], [520, 602, 917, 812, 767, 182, 651, 19, 573, 433, 105, 7, 55, 642, 275, 961, 170, 337, 377, 855, 643, 225, 549, 279, 804], [37, 239, 149, 935, 613, 520, 29, 650, 414, 217, 555, 901, 628, 346, 500, 242, 502, 683, 533, 172, 0, 554, 760, 808, 300], [257, 2, 297, 789, 646, 940, 245, 752, 798, 870, 218, 204, 32, 639, 733, 508, 355, 915, 866, 45, 21, 432, 668, 456, 253], [759, 75, 584, 581, 604, 825, 293, 449, 6, 77, 742, 374, 911, 113, 582, 242, 735, 277, 118, 569, 445, 290, 463, 318, 914], [446, 820, 898, 46, 702, 885, 736, 821, 298, 673, 124, 590, 807, 602, 717, 589, 765, 283, 502, 381, 80, 312, 697, 863, 117], [358, 31, 147, 96, 476, 718, 724, 495, 236, 507, 717, 20, 692, 218, 823, 637, 970, 368, 644, 991, 406, 17, 723, 168, 362], [250, 657, 223, 463, 654, 393, 120, 179, 786, 48, 553, 276, 87, 865, 500, 814, 981, 765, 44, 284, 83, 941, 901, 263, 610], [31, 83, 857, 764, 329, 422, 98, 950, 72, 481, 223, 274, 878, 894, 475, 631, 637, 671, 403, 952, 621, 73, 923, 268, 871], [283, 908, 522, 223, 371, 550, 662, 270, 152, 338, 134, 727, 151, 875, 543, 832, 184, 66, 164, 343, 317, 572, 292, 754, 107], [969, 36, 234, 289, 487, 380, 114, 700, 669, 369, 467, 769, 655, 206, 301, 527, 742, 759, 308, 515, 342, 593, 313, 846, 361], [962, 156, 605, 245, 856, 858, 836, 218, 840, 339, 387, 454, 619, 626, 832, 743, 209, 3, 989, 361, 829, 873, 597, 881, 970], [195, 753, 761, 984, 734, 418, 21, 962, 472, 708, 919, 763, 518, 378, 600, 828, 156, 574, 444, 526, 77, 471, 585, 437, 164], [15, 340, 81, 431, 524, 701, 323, 209, 293, 380, 386, 291, 25, 369, 723, 763, 170, 144, 597, 563, 571, 85, 897, 87, 988], [605, 672, 772, 123, 981, 706, 147, 469, 348, 823, 425, 793, 27, 393, 964, 271, 526, 405, 442, 511, 462, 633, 771, 133, 651], [78, 268, 211, 514, 209, 705, 308, 197, 725, 113, 652, 340, 45, 142, 839, 835, 98, 196, 64, 10, 427, 968, 943, 780, 572], [529, 47, 177, 763, 95, 795, 415, 394, 134, 908, 344, 57, 582, 673, 986, 319, 663, 680, 884, 43, 241, 736, 410, 945, 703], [679, 121, 26, 75, 258, 383, 634, 621, 2, 281, 825, 553, 629, 205, 998, 431, 122, 270, 249, 358, 214, 329, 677, 86, 888], [344, 654, 447, 749, 161, 164, 291, 250, 716, 51, 145, 687, 402, 729, 326, 149, 342, 588, 47, 329, 984, 452, 725, 316, 151], [980, 970, 535, 802, 408, 386, 372, 349, 9, 277, 988, 973, 23, 827, 140, 474, 865, 14, 382, 815, 884, 336, 96, 543, 456], [848, 591, 64, 698, 525, 446, 454, 532, 565, 213, 409, 775, 215, 145, 849, 244, 895, 228, 492, 911, 766, 196, 62, 353, 133], [832, 857, 135, 764, 133, 495, 467, 355, 944, 713, 125, 46, 521, 417, 623, 894, 822, 464, 893, 699, 201, 306, 692, 964, 430]], [[887, 341, 41, 200, 50, 196, 231, 217, 335, 602, 103, 792, 790, 975, 944, 173, 433, 714, 135, 53, 59, 840, 266, 286, 258], [613, 264, 452, 514, 997, 650, 428, 938, 672, 847, 212, 674, 543, 735, 523, 609, 105, 879, 102, 149, 268, 898, 449, 888, 51], [860, 567, 894, 278, 929, 379, 865, 930, 506, 18, 180, 350, 15, 786, 181, 667, 235, 210, 738, 479, 230, 124, 92, 250, 582], [761, 859, 748, 381, 283, 955, 611, 6, 609, 291, 876, 374, 53, 981, 789, 556, 927, 902, 49, 238, 221, 442, 917, 706, 322], [904, 486, 490, 726, 660, 70, 423, 860, 192, 819, 911, 35, 306, 485, 573, 410, 143, 434, 941, 251, 247, 959, 742, 806, 304], [207, 246, 90, 924, 794, 382, 317, 758, 684, 383, 884, 728, 807, 661, 904, 191, 257, 55, 627, 917, 213, 407, 771, 194, 826], [997, 637, 789, 791, 502, 407, 576, 783, 371, 364, 550, 90, 661, 459, 167, 35, 996, 723, 30, 2, 363, 432, 211, 367, 920], [770, 61, 683, 218, 885, 24, 592, 438, 328, 119, 171, 426, 950, 193, 50, 13, 785, 129, 784, 178, 137, 733, 961, 645, 464], [403, 726, 58, 264, 975, 459, 234, 642, 368, 605, 141, 678, 93, 848, 689, 813, 137, 354, 284, 468, 325, 95, 99, 223, 852], [238, 462, 685, 294, 389, 450, 102, 167, 834, 157, 149, 848, 764, 169, 832, 659, 115, 63, 541, 755, 390, 979, 289, 539, 109], [355, 639, 23, 327, 871, 795, 882, 591, 685, 26, 74, 191, 596, 102, 614, 315, 70, 422, 43, 378, 567, 552, 920, 723, 160], [408, 65, 945, 643, 407, 315, 370, 38, 420, 289, 919, 890, 826, 51, 818, 722, 570, 790, 888, 964, 484, 184, 548, 664, 518], [639, 93, 195, 303, 320, 28, 566, 190, 572, 113, 301, 646, 996, 791, 448, 965, 686, 596, 224, 790, 635, 535, 844, 432, 132], [199, 330, 513, 592, 385, 790, 143, 222, 36, 473, 561, 744, 305, 466, 310, 949, 735, 437, 87, 726, 468, 501, 725, 629, 79], [7, 884, 315, 559, 32, 477, 575, 887, 781, 479, 966, 398, 390, 509, 242, 732, 915, 550, 411, 834, 421, 435, 743, 200, 195], [646, 954, 955, 765, 228, 859, 405, 441, 70, 718, 538, 597, 725, 974, 383, 807, 562, 347, 732, 500, 651, 413, 887, 577, 553], [639, 344, 790, 210, 638, 798, 331, 566, 958, 97, 322, 989, 27, 991, 105, 399, 731, 223, 932, 534, 686, 573, 593, 28, 754], [582, 339, 977, 690, 597, 649, 223, 886, 376, 329, 725, 92, 336, 750, 349, 373, 179, 130, 246, 759, 416, 488, 615, 294, 300], [866, 654, 723, 628, 726, 569, 825, 683, 180, 488, 241, 120, 38, 873, 382, 444, 735, 377, 253, 964, 509, 212, 983, 544, 409], [982, 673, 370, 182, 553, 134, 402, 82, 620, 459, 507, 392, 730, 114, 143, 978, 667, 431, 234, 689, 338, 594, 677, 933, 528], [812, 19, 43, 719, 949, 225, 219, 246, 31, 94, 364, 385, 376, 138, 955, 306, 799, 455, 986, 980, 651, 185, 151, 332, 54], [15, 149, 29, 672, 292, 718, 531, 156, 201, 903, 120, 341, 908, 271, 871, 556, 31, 325, 379, 372, 557, 411, 98, 113, 185], [822, 442, 109, 811, 573, 504, 593, 853, 944, 462, 824, 817, 633, 698, 387, 985, 355, 578, 648, 973, 177, 383, 704, 302, 879], [677, 803, 148, 445, 757, 386, 133, 251, 302, 465, 63, 705, 503, 15, 684, 565, 111, 483, 222, 6, 419, 820, 106, 288, 773], [62, 400, 49, 423, 647, 621, 0, 331, 376, 717, 682, 322, 96, 657, 755, 669, 716, 507, 989, 904, 873, 92, 660, 211, 342]], [[297, 919, 179, 802, 960, 137, 294, 289, 889, 447, 850, 389, 350, 885, 933, 925, 186, 658, 637, 827, 861, 774, 233, 293, 257], [876, 340, 392, 631, 918, 613, 98, 767, 258, 775, 844, 302, 354, 451, 754, 138, 774, 627, 919, 567, 448, 189, 435, 997, 896], [234, 553, 347, 448, 338, 984, 832, 284, 315, 460, 626, 352, 874, 82, 330, 793, 665, 199, 78, 422, 42, 565, 268, 140, 606], [330, 226, 495, 100, 784, 92, 530, 765, 488, 714, 148, 219, 718, 815, 418, 944, 847, 102, 500, 664, 303, 579, 481, 941, 884], [504, 241, 494, 571, 220, 255, 451, 723, 441, 584, 984, 154, 91, 394, 505, 516, 425, 387, 926, 869, 513, 227, 665, 771, 70], [958, 28, 421, 809, 699, 840, 724, 862, 489, 513, 860, 534, 131, 512, 869, 141, 431, 275, 722, 228, 4, 3, 197, 755, 37], [516, 376, 682, 556, 508, 642, 644, 811, 729, 726, 855, 397, 370, 784, 357, 335, 688, 461, 909, 321, 353, 741, 825, 437, 331], [427, 784, 733, 725, 752, 917, 418, 802, 669, 400, 333, 500, 881, 663, 73, 997, 247, 256, 330, 762, 294, 886, 607, 482, 654], [208, 754, 628, 241, 50, 662, 852, 616, 166, 857, 824, 982, 134, 196, 796, 255, 151, 180, 202, 675, 528, 172, 723, 279, 503], [43, 447, 113, 578, 564, 693, 895, 178, 443, 438, 425, 154, 93, 384, 617, 760, 666, 600, 589, 102, 98, 126, 254, 474, 328], [911, 798, 439, 584, 898, 482, 812, 994, 606, 770, 546, 738, 677, 741, 953, 378, 298, 465, 717, 591, 324, 941, 118, 571, 192], [387, 967, 412, 80, 81, 636, 588, 649, 670, 437, 750, 584, 477, 314, 825, 85, 934, 976, 3, 676, 813, 943, 595, 95, 772], [445, 679, 983, 192, 137, 577, 608, 335, 706, 722, 795, 461, 644, 832, 280, 694, 600, 731, 542, 43, 887, 932, 437, 493, 248], [792, 627, 172, 867, 197, 582, 890, 919, 941, 952, 459, 610, 191, 575, 415, 82, 242, 988, 678, 504, 590, 499, 28, 882, 1], [288, 348, 702, 357, 159, 691, 831, 22, 7, 844, 325, 320, 72, 855, 378, 741, 111, 381, 504, 530, 155, 272, 551, 430, 299], [858, 120, 590, 749, 129, 758, 597, 390, 574, 34, 410, 766, 796, 356, 77, 555, 252, 706, 108, 626, 977, 638, 841, 659, 287], [863, 26, 324, 912, 979, 10, 714, 509, 298, 512, 693, 874, 75, 641, 794, 199, 440, 975, 995, 614, 21, 238, 755, 22, 715], [845, 916, 428, 939, 223, 853, 746, 503, 671, 749, 154, 435, 444, 135, 686, 364, 981, 193, 608, 929, 920, 930, 849, 220, 470], [48, 38, 959, 63, 932, 361, 350, 153, 516, 953, 879, 111, 756, 814, 6, 512, 615, 808, 209, 829, 509, 232, 852, 408, 889], [386, 652, 706, 846, 618, 481, 535, 48, 163, 897, 416, 678, 344, 507, 982, 655, 801, 419, 782, 22, 92, 761, 513, 201, 403], [441, 13, 670, 178, 201, 146, 423, 372, 23, 548, 429, 234, 414, 214, 205, 858, 432, 385, 948, 640, 606, 258, 986, 557, 515], [829, 88, 904, 107, 763, 986, 180, 337, 627, 26, 849, 184, 87, 457, 700, 195, 123, 332, 296, 929, 275, 648, 523, 552, 432], [373, 891, 128, 973, 561, 322, 704, 425, 510, 294, 304, 804, 334, 578, 929, 208, 554, 558, 759, 78, 65, 331, 493, 915, 949], [514, 771, 408, 366, 939, 710, 295, 718, 405, 649, 418, 624, 870, 464, 536, 863, 338, 127, 501, 12, 538, 35, 241, 110, 236], [384, 551, 529, 564, 264, 867, 674, 545, 103, 206, 441, 868, 234, 968, 170, 660, 878, 585, 590, 217, 762, 288, 688, 708, 509]], [[113, 225, 14, 40, 979, 389, 307, 718, 115, 178, 678, 592, 368, 313, 244, 673, 137, 422, 448, 458, 659, 959, 152, 375, 973], [230, 672, 485, 947, 164, 326, 836, 757, 990, 220, 596, 381, 661, 338, 625, 240, 198, 863, 892, 478, 607, 305, 566, 94, 130], [810, 10, 823, 747, 116, 258, 151, 750, 881, 114, 921, 205, 519, 870, 46, 807, 896, 738, 696, 674, 978, 497, 444, 73, 456], [273, 259, 713, 932, 759, 184, 235, 561, 32, 44, 153, 574, 195, 215, 337, 934, 361, 547, 650, 114, 181, 309, 746, 785, 941], [880, 403, 262, 522, 657, 156, 835, 861, 432, 327, 450, 756, 389, 235, 36, 402, 115, 198, 910, 294, 208, 950, 367, 751, 885], [276, 841, 352, 40, 150, 132, 472, 836, 15, 706, 260, 572, 204, 447, 618, 532, 333, 456, 989, 804, 245, 464, 297, 437, 471], [824, 518, 966, 672, 47, 478, 826, 259, 475, 114, 972, 935, 154, 805, 666, 319, 217, 718, 885, 618, 795, 511, 239, 608, 110], [222, 748, 217, 214, 873, 454, 972, 492, 900, 712, 790, 495, 998, 219, 72, 23, 871, 667, 96, 936, 933, 306, 435, 841, 695], [319, 514, 260, 270, 548, 129, 709, 579, 763, 190, 775, 688, 529, 837, 966, 248, 813, 21, 351, 401, 742, 852, 523, 718, 265], [731, 196, 670, 795, 328, 539, 84, 88, 938, 741, 10, 146, 300, 964, 140, 711, 952, 552, 650, 917, 85, 777, 536, 735, 213], [537, 603, 204, 512, 907, 741, 111, 876, 404, 247, 702, 578, 154, 127, 168, 510, 630, 335, 156, 145, 774, 579, 410, 940, 302], [318, 783, 902, 653, 438, 674, 786, 934, 974, 322, 812, 183, 729, 333, 214, 429, 111, 571, 938, 563, 206, 682, 8, 899, 176], [151, 329, 492, 318, 967, 141, 677, 73, 537, 528, 741, 549, 40, 362, 975, 932, 972, 225, 217, 74, 325, 951, 260, 664, 208], [998, 127, 219, 449, 946, 116, 257, 463, 901, 804, 229, 222, 977, 20, 198, 572, 537, 533, 326, 176, 196, 881, 307, 305, 69], [264, 77, 891, 127, 216, 359, 863, 410, 722, 225, 693, 957, 712, 586, 556, 671, 356, 973, 300, 290, 142, 187, 166, 940, 728], [332, 888, 283, 919, 76, 412, 337, 256, 130, 274, 746, 112, 769, 45, 585, 523, 625, 192, 570, 639, 795, 500, 894, 823, 181], [157, 825, 702, 261, 824, 622, 482, 924, 906, 578, 277, 951, 25, 676, 130, 752, 52, 758, 366, 65, 30, 630, 492, 731, 960], [171, 352, 440, 505, 551, 707, 346, 70, 487, 704, 359, 853, 451, 802, 306, 550, 325, 29, 147, 770, 706, 351, 303, 36, 632], [327, 521, 120, 23, 33, 485, 149, 797, 908, 428, 433, 760, 719, 30, 993, 419, 794, 261, 509, 144, 772, 632, 273, 782, 268], [586, 305, 483, 438, 39, 144, 451, 249, 526, 932, 672, 288, 138, 271, 296, 418, 442, 396, 627, 331, 420, 741, 920, 214, 369], [549, 832, 736, 639, 363, 502, 795, 654, 620, 822, 877, 316, 418, 985, 616, 431, 291, 804, 558, 205, 987, 548, 477, 543, 59], [227, 428, 430, 662, 520, 279, 834, 692, 935, 584, 732, 166, 484, 111, 169, 386, 881, 295, 852, 588, 509, 54, 400, 184, 55], [300, 63, 141, 487, 91, 976, 244, 536, 969, 511, 179, 957, 830, 475, 345, 514, 937, 537, 325, 992, 915, 409, 224, 47, 316], [272, 142, 216, 483, 73, 459, 924, 686, 341, 469, 451, 669, 660, 371, 24, 194, 107, 235, 780, 16, 944, 955, 452, 295, 767], [67, 311, 478, 400, 904, 187, 809, 514, 812, 293, 649, 354, 272, 426, 296, 77, 5, 889, 370, 907, 220, 487, 496, 830, 887]], [[274, 776, 449, 264, 777, 173, 661, 940, 689, 454, 491, 623, 341, 134, 99, 25, 873, 16, 239, 531, 821, 80, 581, 357, 511], [807, 692, 441, 402, 347, 223, 249, 783, 421, 134, 11, 24, 172, 887, 738, 607, 685, 610, 392, 278, 454, 414, 323, 80, 831], [444, 898, 496, 229, 738, 304, 540, 915, 864, 317, 981, 335, 624, 605, 503, 214, 57, 752, 963, 761, 448, 779, 499, 631, 93], [199, 336, 833, 865, 453, 324, 164, 935, 348, 329, 913, 756, 624, 636, 328, 891, 644, 460, 866, 931, 441, 323, 152, 127, 467], [953, 36, 251, 605, 162, 312, 715, 378, 274, 351, 857, 52, 814, 437, 379, 198, 659, 570, 909, 996, 746, 27, 649, 30, 181], [219, 967, 747, 308, 237, 762, 217, 739, 125, 36, 732, 925, 817, 183, 528, 385, 39, 498, 70, 141, 753, 174, 975, 954, 812], [662, 916, 167, 989, 180, 78, 316, 354, 366, 321, 184, 337, 87, 175, 878, 88, 216, 873, 455, 707, 547, 828, 188, 318, 713], [925, 610, 662, 260, 684, 424, 4, 587, 627, 191, 801, 903, 727, 560, 56, 351, 204, 294, 186, 209, 384, 104, 32, 983, 728], [489, 82, 318, 911, 95, 768, 971, 528, 980, 746, 490, 465, 104, 689, 54, 105, 224, 284, 963, 962, 516, 16, 219, 604, 464], [189, 461, 456, 50, 57, 47, 395, 191, 453, 241, 958, 699, 70, 760, 41, 506, 607, 913, 225, 313, 551, 990, 58, 796, 106], [740, 375, 541, 944, 528, 695, 686, 149, 536, 213, 543, 574, 398, 483, 246, 678, 67, 801, 238, 656, 372, 708, 16, 942, 493], [180, 232, 317, 827, 83, 675, 311, 892, 343, 46, 463, 129, 412, 812, 173, 1, 79, 410, 817, 692, 760, 152, 543, 249, 95], [187, 238, 300, 98, 801, 848, 151, 40, 419, 742, 911, 908, 388, 183, 348, 494, 462, 722, 42, 576, 155, 670, 745, 163, 504], [136, 677, 130, 961, 764, 334, 246, 359, 738, 648, 533, 71, 519, 515, 571, 863, 394, 665, 817, 169, 435, 227, 915, 127, 718], [693, 403, 978, 546, 52, 970, 719, 717, 931, 996, 502, 50, 235, 451, 59, 610, 921, 227, 321, 270, 889, 523, 758, 253, 479], [570, 449, 186, 176, 573, 543, 911, 607, 84, 4, 393, 328, 576, 157, 921, 665, 827, 620, 878, 623, 114, 586, 582, 387, 736], [203, 459, 774, 111, 644, 751, 133, 60, 670, 810, 575, 445, 61, 597, 944, 261, 653, 404, 896, 145, 732, 344, 354, 679, 992], [387, 33, 888, 396, 539, 761, 453, 410, 509, 753, 788, 972, 136, 305, 735, 698, 943, 931, 89, 477, 802, 607, 52, 764, 276], [963, 390, 218, 223, 477, 871, 784, 391, 126, 687, 165, 239, 665, 616, 162, 666, 788, 494, 174, 449, 683, 881, 265, 294, 480], [765, 433, 289, 522, 215, 518, 423, 3, 864, 651, 588, 967, 527, 280, 850, 42, 440, 68, 904, 534, 39, 448, 598, 629, 717], [691, 91, 553, 202, 170, 451, 940, 738, 47, 412, 400, 647, 130, 683, 721, 631, 743, 889, 200, 840, 967, 632, 360, 26, 796], [718, 764, 694, 569, 58, 218, 180, 124, 934, 996, 329, 167, 513, 993, 487, 123, 286, 733, 571, 516, 256, 966, 714, 87, 427], [504, 136, 997, 180, 885, 532, 49, 336, 666, 835, 190, 710, 775, 819, 857, 547, 217, 741, 675, 701, 824, 850, 670, 542, 590], [140, 157, 64, 273, 630, 114, 402, 575, 923, 599, 569, 153, 45, 914, 333, 743, 930, 310, 271, 571, 696, 291, 214, 933, 519], [202, 623, 147, 171, 966, 224, 232, 18, 402, 29, 788, 816, 849, 453, 558, 22, 946, 123, 179, 513, 431, 783, 481, 779, 23]], [[244, 632, 778, 194, 470, 471, 599, 803, 357, 180, 211, 822, 487, 171, 940, 676, 42, 668, 374, 845, 261, 136, 661, 612, 386], [847, 520, 178, 303, 821, 843, 377, 704, 775, 392, 756, 644, 244, 820, 640, 895, 300, 402, 832, 66, 952, 196, 687, 726, 504], [185, 349, 172, 294, 21, 775, 363, 368, 230, 859, 989, 59, 851, 12, 709, 581, 962, 213, 634, 903, 214, 655, 215, 448, 773], [168, 17, 501, 500, 769, 8, 252, 873, 639, 585, 716, 12, 364, 96, 549, 690, 963, 451, 864, 505, 233, 314, 0, 400, 39], [378, 988, 122, 404, 319, 753, 64, 938, 361, 517, 899, 583, 444, 28, 25, 173, 350, 51, 82, 580, 672, 68, 670, 701, 401], [441, 166, 85, 688, 324, 915, 743, 84, 158, 13, 76, 217, 259, 513, 594, 739, 502, 405, 881, 865, 7, 151, 407, 153, 228], [350, 781, 982, 824, 312, 249, 195, 703, 146, 806, 591, 107, 460, 942, 429, 392, 760, 398, 711, 411, 552, 183, 141, 633, 575], [565, 62, 869, 41, 177, 11, 659, 416, 605, 334, 326, 14, 153, 36, 954, 906, 840, 664, 566, 838, 391, 182, 34, 249, 418], [411, 560, 986, 6, 435, 98, 740, 787, 772, 154, 168, 55, 61, 585, 114, 258, 139, 564, 563, 747, 178, 926, 967, 893, 287], [369, 913, 695, 675, 395, 928, 762, 456, 375, 105, 64, 226, 48, 954, 941, 684, 827, 115, 179, 50, 574, 392, 518, 698, 210], [486, 873, 663, 859, 625, 936, 274, 957, 301, 848, 393, 347, 161, 576, 243, 188, 292, 428, 589, 461, 207, 687, 260, 836, 918], [715, 34, 937, 704, 252, 916, 773, 939, 26, 417, 669, 485, 690, 171, 189, 693, 854, 478, 510, 705, 364, 588, 938, 57, 771], [233, 174, 468, 511, 795, 439, 530, 390, 816, 961, 486, 20, 175, 307, 711, 34, 75, 200, 780, 702, 286, 82, 695, 726, 287], [597, 53, 874, 729, 761, 37, 698, 854, 757, 384, 480, 432, 29, 438, 503, 367, 617, 132, 31, 345, 701, 115, 623, 364, 810], [51, 405, 739, 9, 678, 722, 638, 443, 0, 401, 56, 494, 618, 642, 450, 291, 479, 767, 323, 894, 41, 777, 194, 961, 215], [663, 938, 727, 527, 743, 166, 640, 90, 820, 501, 877, 891, 13, 10, 57, 978, 356, 656, 436, 93, 406, 637, 828, 998, 612], [851, 448, 943, 796, 502, 225, 226, 752, 386, 692, 696, 998, 278, 376, 312, 202, 349, 724, 81, 798, 317, 128, 690, 466, 832], [808, 676, 887, 405, 5, 682, 243, 70, 993, 32, 53, 264, 443, 948, 652, 469, 123, 143, 507, 795, 223, 92, 710, 569, 816], [687, 304, 662, 271, 715, 683, 182, 354, 401, 609, 704, 911, 883, 889, 331, 619, 726, 237, 987, 777, 263, 12, 19, 774, 356], [11, 961, 254, 106, 340, 860, 694, 253, 803, 776, 422, 261, 578, 696, 832, 13, 725, 161, 43, 342, 871, 347, 206, 493, 433], [107, 457, 192, 999, 320, 929, 905, 909, 794, 518, 721, 579, 699, 679, 400, 17, 385, 298, 346, 775, 632, 603, 234, 786, 499], [446, 336, 9, 65, 136, 951, 830, 428, 61, 367, 171, 649, 251, 463, 627, 46, 87, 16, 252, 676, 68, 422, 384, 307, 992], [306, 717, 185, 240, 21, 904, 621, 953, 257, 246, 326, 937, 605, 684, 469, 245, 335, 384, 789, 772, 818, 500, 82, 943, 363], [205, 602, 600, 932, 390, 822, 468, 218, 47, 250, 189, 921, 121, 828, 179, 819, 27, 91, 676, 114, 583, 991, 261, 32, 190], [269, 95, 588, 491, 356, 387, 359, 133, 671, 244, 837, 748, 798, 823, 849, 981, 610, 542, 573, 284, 94, 967, 312, 23, 518]]], [[[296, 103, 283, 181, 201, 737, 719, 95, 204, 486, 218, 862, 286, 475, 976, 861, 773, 686, 358, 598, 383, 441, 715, 342, 542], [789, 644, 474, 831, 638, 67, 771, 61, 271, 149, 441, 814, 143, 963, 754, 499, 343, 657, 374, 302, 908, 56, 922, 815, 324], [600, 725, 723, 134, 174, 71, 350, 643, 92, 715, 56, 2, 137, 527, 892, 75, 408, 632, 875, 702, 976, 650, 112, 599, 659], [470, 678, 293, 685, 822, 647, 427, 264, 463, 20, 326, 304, 399, 151, 88, 47, 759, 116, 214, 24, 205, 750, 312, 581, 645], [420, 47, 712, 68, 772, 485, 78, 154, 575, 748, 481, 919, 527, 835, 124, 542, 961, 812, 329, 910, 862, 713, 163, 174, 467], [892, 98, 530, 230, 29, 842, 219, 132, 785, 197, 739, 317, 190, 541, 475, 225, 148, 519, 402, 968, 93, 351, 746, 319, 828], [279, 791, 127, 163, 89, 631, 379, 54, 404, 636, 750, 524, 116, 770, 833, 528, 685, 566, 842, 645, 502, 437, 505, 273, 908], [182, 678, 56, 486, 848, 712, 64, 807, 393, 576, 871, 279, 632, 775, 553, 755, 759, 563, 630, 494, 252, 864, 951, 485, 931], [668, 751, 981, 124, 84, 873, 870, 676, 594, 265, 352, 853, 895, 572, 509, 506, 341, 432, 421, 894, 89, 451, 263, 856, 184], [608, 652, 301, 839, 159, 992, 694, 249, 841, 61, 155, 872, 326, 935, 898, 90, 197, 974, 767, 646, 503, 741, 284, 292, 202], [540, 61, 519, 949, 647, 422, 951, 617, 496, 152, 980, 206, 17, 492, 14, 197, 506, 155, 957, 548, 366, 106, 26, 501, 490], [55, 554, 713, 300, 911, 623, 275, 117, 294, 247, 405, 227, 374, 379, 837, 611, 191, 989, 483, 462, 589, 138, 626, 313, 540], [950, 548, 875, 702, 153, 152, 185, 456, 776, 170, 991, 139, 903, 420, 949, 787, 46, 757, 629, 117, 624, 56, 340, 234, 354], [902, 42, 726, 418, 725, 324, 681, 413, 917, 590, 109, 447, 968, 442, 661, 321, 233, 304, 104, 475, 286, 937, 438, 607, 373], [473, 350, 384, 941, 52, 847, 403, 256, 420, 545, 519, 782, 121, 961, 705, 809, 965, 267, 766, 558, 490, 764, 237, 99, 417], [374, 967, 807, 872, 372, 501, 56, 919, 492, 131, 993, 151, 476, 970, 459, 409, 148, 446, 596, 613, 368, 53, 249, 135, 73], [118, 353, 952, 274, 300, 660, 200, 254, 18, 742, 908, 204, 342, 715, 531, 672, 944, 533, 406, 941, 554, 120, 199, 289, 271], [119, 528, 910, 344, 885, 89, 863, 672, 529, 468, 735, 675, 625, 130, 518, 590, 251, 470, 260, 491, 808, 326, 642, 144, 65], [497, 625, 655, 499, 303, 627, 570, 291, 893, 360, 436, 131, 821, 442, 55, 632, 98, 115, 176, 151, 268, 917, 561, 275, 381], [201, 750, 1, 79, 887, 363, 86, 494, 963, 286, 52, 773, 942, 219, 306, 751, 997, 507, 93, 470, 148, 498, 399, 677, 572], [391, 84, 162, 72, 999, 276, 591, 578, 704, 198, 711, 686, 502, 133, 979, 244, 13, 98, 146, 60, 539, 241, 874, 377, 727], [145, 693, 65, 889, 775, 194, 88, 211, 282, 968, 966, 29, 709, 516, 807, 500, 173, 900, 294, 112, 882, 53, 249, 566, 264], [584, 748, 634, 776, 26, 815, 678, 216, 45, 259, 695, 251, 568, 337, 588, 848, 2, 157, 289, 581, 738, 874, 614, 137, 758], [923, 607, 297, 196, 234, 413, 355, 138, 452, 455, 841, 869, 875, 18, 437, 791, 155, 449, 532, 280, 968, 118, 728, 505, 614], [463, 344, 414, 786, 785, 386, 136, 194, 539, 751, 591, 11, 366, 274, 986, 827, 335, 212, 454, 629, 86, 452, 909, 41, 202]], [[493, 707, 956, 177, 900, 489, 83, 893, 783, 616, 697, 443, 607, 600, 218, 174, 836, 861, 185, 474, 645, 284, 123, 279, 203], [800, 219, 215, 990, 572, 320, 860, 636, 21, 897, 47, 895, 868, 618, 682, 649, 779, 198, 226, 954, 209, 388, 435, 381, 119], [660, 935, 524, 782, 298, 326, 190, 221, 445, 31, 959, 642, 899, 199, 711, 529, 458, 46, 700, 701, 140, 134, 63, 588, 114], [905, 619, 618, 42, 642, 564, 49, 962, 668, 524, 481, 479, 9, 688, 851, 825, 438, 155, 53, 200, 285, 313, 97, 382, 492], [807, 619, 27, 964, 521, 437, 985, 482, 910, 242, 459, 45, 103, 840, 196, 845, 702, 966, 460, 224, 198, 956, 893, 800, 836], [51, 556, 469, 826, 245, 359, 230, 296, 903, 676, 703, 802, 768, 924, 710, 427, 31, 176, 587, 27, 555, 142, 320, 732, 18], [900, 339, 823, 273, 869, 565, 208, 898, 710, 984, 459, 157, 354, 996, 243, 134, 39, 9, 303, 210, 260, 725, 774, 286, 713], [595, 639, 572, 871, 376, 869, 678, 631, 83, 159, 44, 332, 573, 905, 753, 499, 446, 708, 836, 618, 402, 257, 81, 89, 516], [655, 750, 354, 176, 133, 920, 968, 87, 789, 616, 818, 52, 694, 165, 449, 75, 25, 29, 714, 911, 831, 604, 903, 748, 5], [637, 372, 156, 987, 421, 284, 650, 476, 303, 955, 353, 846, 984, 349, 528, 563, 198, 533, 190, 790, 944, 492, 114, 53, 818], [490, 857, 118, 851, 611, 855, 393, 567, 657, 140, 378, 100, 277, 736, 389, 208, 904, 292, 737, 614, 215, 741, 733, 206, 590], [887, 56, 773, 551, 3, 213, 819, 493, 978, 548, 706, 852, 306, 759, 108, 728, 590, 235, 485, 567, 231, 408, 252, 863, 683], [641, 348, 708, 518, 980, 286, 358, 246, 626, 743, 115, 259, 683, 427, 569, 703, 786, 322, 908, 994, 652, 2, 604, 403, 713], [696, 471, 939, 682, 258, 420, 383, 891, 43, 630, 964, 440, 706, 928, 451, 90, 605, 896, 562, 777, 19, 767, 452, 358, 962], [609, 73, 171, 163, 16, 600, 932, 357, 245, 962, 253, 870, 924, 630, 329, 663, 863, 734, 576, 173, 166, 897, 750, 711, 828], [193, 940, 256, 923, 100, 82, 62, 731, 549, 596, 172, 760, 57, 874, 416, 556, 696, 544, 17, 480, 613, 516, 464, 91, 370], [315, 345, 503, 214, 565, 464, 702, 229, 255, 612, 603, 564, 932, 177, 625, 723, 213, 903, 629, 921, 56, 607, 747, 436, 460], [727, 7, 879, 690, 513, 355, 746, 677, 824, 777, 79, 4, 33, 603, 199, 164, 343, 553, 962, 825, 583, 99, 435, 415, 445], [694, 898, 109, 732, 387, 28, 710, 662, 762, 147, 648, 188, 255, 545, 822, 823, 954, 995, 760, 507, 771, 130, 383, 148, 2], [567, 958, 716, 976, 236, 754, 797, 16, 758, 329, 318, 455, 914, 869, 988, 599, 178, 134, 504, 942, 849, 292, 81, 686, 848], [401, 155, 16, 683, 913, 352, 59, 351, 877, 488, 764, 897, 64, 429, 190, 208, 314, 489, 375, 135, 904, 389, 680, 782, 378], [335, 790, 924, 557, 204, 453, 832, 252, 675, 980, 838, 701, 936, 793, 624, 746, 844, 981, 210, 244, 341, 487, 295, 604, 278], [200, 505, 545, 310, 276, 313, 540, 151, 205, 35, 657, 168, 788, 575, 681, 827, 314, 803, 42, 426, 76, 819, 154, 171, 462], [831, 666, 164, 387, 506, 583, 73, 876, 401, 619, 306, 183, 880, 884, 892, 310, 109, 934, 790, 495, 667, 738, 703, 110, 354], [695, 498, 586, 620, 657, 628, 409, 425, 41, 339, 746, 283, 709, 840, 987, 124, 631, 502, 576, 912, 599, 737, 280, 22, 768]], [[137, 195, 831, 731, 820, 397, 177, 879, 139, 791, 212, 526, 163, 680, 141, 564, 664, 884, 960, 697, 14, 431, 604, 356, 606], [653, 843, 357, 135, 313, 491, 770, 991, 810, 987, 784, 149, 37, 543, 141, 373, 13, 412, 234, 200, 826, 305, 700, 662, 870], [324, 467, 485, 912, 532, 866, 951, 766, 678, 945, 797, 715, 960, 63, 596, 4, 791, 280, 885, 195, 6, 860, 345, 601, 138], [997, 515, 697, 695, 952, 139, 746, 186, 538, 611, 971, 249, 389, 376, 320, 778, 14, 466, 176, 288, 434, 177, 395, 585, 910], [860, 247, 712, 20, 157, 916, 116, 858, 488, 627, 145, 700, 623, 572, 226, 210, 515, 604, 407, 338, 315, 978, 99, 69, 193], [270, 373, 139, 364, 645, 617, 973, 643, 482, 171, 241, 436, 492, 954, 287, 263, 928, 385, 243, 885, 714, 606, 303, 657, 535], [229, 430, 613, 471, 205, 650, 287, 330, 518, 655, 232, 730, 499, 367, 341, 246, 696, 932, 269, 364, 732, 89, 245, 399, 472], [413, 845, 977, 441, 989, 696, 456, 179, 437, 165, 567, 516, 623, 564, 323, 227, 732, 822, 529, 378, 120, 303, 945, 689, 79], [830, 953, 593, 619, 395, 168, 535, 113, 737, 253, 879, 543, 868, 337, 29, 230, 763, 843, 972, 579, 837, 174, 626, 54, 262], [7, 467, 98, 922, 80, 137, 340, 887, 927, 633, 311, 699, 862, 102, 148, 945, 500, 260, 259, 673, 270, 824, 864, 112, 828], [557, 369, 773, 417, 843, 168, 255, 658, 218, 184, 44, 98, 938, 663, 837, 45, 841, 43, 268, 117, 493, 927, 572, 94, 871], [61, 223, 29, 307, 392, 955, 726, 960, 532, 506, 345, 659, 312, 963, 107, 240, 142, 819, 882, 917, 549, 907, 741, 216, 625], [878, 237, 338, 55, 564, 209, 115, 716, 58, 516, 566, 408, 266, 608, 159, 719, 445, 99, 306, 886, 720, 997, 697, 870, 98], [461, 968, 318, 52, 686, 897, 545, 643, 105, 574, 61, 287, 487, 754, 501, 527, 785, 767, 951, 253, 427, 390, 62, 447, 430], [471, 864, 826, 494, 803, 748, 150, 778, 235, 654, 223, 220, 876, 490, 63, 447, 182, 233, 933, 653, 261, 386, 670, 66, 573], [453, 392, 396, 673, 0, 815, 591, 775, 82, 399, 337, 515, 80, 601, 796, 932, 761, 123, 963, 470, 126, 819, 901, 642, 793], [922, 229, 633, 155, 525, 437, 898, 905, 876, 622, 9, 64, 252, 133, 53, 172, 427, 663, 998, 26, 67, 654, 412, 82, 921], [565, 612, 183, 972, 221, 199, 293, 948, 609, 311, 253, 794, 33, 25, 402, 180, 425, 901, 701, 548, 359, 889, 591, 689, 342], [314, 990, 880, 557, 517, 585, 443, 496, 875, 665, 785, 996, 601, 107, 926, 495, 648, 994, 252, 1, 574, 290, 554, 573, 929], [437, 328, 814, 23, 547, 196, 212, 417, 747, 190, 831, 657, 392, 482, 961, 975, 920, 583, 92, 467, 515, 664, 15, 358, 776], [790, 562, 400, 650, 927, 363, 49, 697, 10, 893, 465, 157, 422, 369, 148, 730, 508, 586, 353, 64, 742, 728, 16, 156, 0], [542, 767, 249, 977, 340, 337, 463, 976, 344, 498, 631, 411, 803, 248, 695, 897, 233, 323, 891, 26, 67, 757, 38, 107, 830], [955, 753, 832, 397, 71, 878, 780, 268, 603, 245, 475, 216, 2, 452, 163, 689, 523, 749, 73, 590, 670, 178, 320, 809, 76], [250, 165, 334, 552, 545, 177, 727, 62, 615, 183, 346, 47, 312, 190, 879, 435, 99, 206, 164, 266, 160, 82, 867, 315, 495], [21, 121, 501, 351, 902, 248, 58, 630, 883, 180, 414, 416, 838, 464, 157, 375, 415, 956, 334, 549, 55, 750, 828, 141, 807]], [[50, 1, 156, 711, 533, 145, 837, 552, 321, 654, 198, 643, 721, 290, 576, 55, 378, 430, 600, 532, 518, 448, 587, 307, 247], [358, 227, 457, 962, 600, 99, 747, 488, 666, 462, 895, 771, 238, 311, 128, 164, 158, 18, 957, 411, 491, 817, 276, 19, 760], [333, 164, 596, 602, 784, 779, 598, 201, 997, 256, 725, 905, 183, 31, 739, 39, 736, 179, 507, 369, 378, 349, 547, 809, 888], [260, 483, 112, 740, 698, 163, 301, 459, 954, 907, 777, 151, 504, 896, 852, 106, 559, 879, 611, 181, 557, 562, 651, 952, 583], [941, 51, 219, 0, 850, 983, 625, 794, 861, 786, 613, 382, 14, 831, 271, 864, 969, 980, 848, 892, 639, 95, 727, 697, 594], [214, 492, 59, 664, 400, 715, 109, 855, 766, 171, 678, 776, 955, 912, 986, 778, 279, 512, 616, 54, 478, 891, 176, 924, 221], [220, 446, 359, 501, 578, 485, 986, 609, 488, 905, 962, 557, 632, 382, 117, 820, 428, 397, 146, 425, 236, 704, 957, 952, 4], [359, 158, 987, 450, 317, 243, 599, 580, 819, 60, 946, 940, 288, 845, 132, 51, 268, 383, 272, 639, 919, 527, 477, 415, 671], [270, 80, 819, 507, 213, 197, 599, 381, 993, 530, 318, 419, 458, 596, 524, 614, 869, 374, 194, 212, 707, 976, 462, 886, 888], [270, 459, 932, 244, 953, 205, 432, 33, 782, 524, 681, 239, 91, 829, 574, 818, 995, 578, 972, 793, 773, 96, 757, 633, 29], [813, 894, 770, 675, 843, 863, 398, 555, 108, 590, 873, 665, 236, 322, 624, 160, 150, 705, 767, 576, 932, 369, 197, 410, 326], [452, 733, 438, 362, 511, 146, 884, 6, 764, 515, 651, 830, 201, 39, 836, 243, 835, 932, 378, 881, 315, 50, 402, 98, 573], [477, 820, 831, 612, 773, 240, 993, 192, 156, 420, 928, 233, 588, 784, 926, 641, 43, 424, 610, 417, 932, 226, 529, 893, 305], [869, 178, 110, 665, 847, 856, 879, 39, 138, 753, 197, 351, 123, 592, 510, 820, 193, 716, 119, 469, 156, 598, 984, 437, 346], [194, 978, 62, 944, 23, 826, 605, 849, 545, 504, 171, 190, 609, 600, 521, 848, 909, 462, 329, 6, 515, 129, 359, 888, 366], [877, 417, 647, 39, 562, 671, 724, 640, 783, 728, 573, 410, 3, 195, 342, 69, 582, 874, 996, 471, 510, 276, 499, 78, 278], [158, 756, 850, 116, 356, 246, 65, 734, 74, 541, 513, 644, 444, 452, 372, 178, 508, 766, 48, 29, 484, 394, 546, 389, 270], [997, 899, 590, 463, 64, 223, 339, 937, 854, 8, 703, 62, 218, 41, 727, 126, 313, 647, 934, 646, 262, 517, 21, 100, 146], [793, 180, 992, 749, 613, 275, 696, 515, 669, 160, 363, 472, 409, 279, 382, 294, 267, 7, 562, 1, 954, 649, 78, 310, 132], [828, 609, 977, 20, 301, 368, 432, 251, 658, 934, 793, 344, 454, 337, 99, 770, 17, 439, 420, 426, 545, 769, 465, 486, 642], [802, 283, 2, 42, 230, 456, 347, 638, 793, 897, 789, 458, 914, 625, 713, 887, 894, 800, 986, 871, 782, 630, 83, 927, 156], [724, 423, 813, 810, 856, 447, 155, 246, 156, 547, 639, 824, 4, 58, 751, 769, 892, 922, 307, 53, 256, 717, 955, 934, 182], [238, 949, 68, 339, 773, 608, 45, 722, 426, 442, 476, 672, 802, 154, 567, 382, 13, 637, 184, 903, 970, 868, 742, 518, 213], [718, 604, 700, 311, 358, 480, 518, 775, 680, 472, 921, 863, 669, 899, 766, 484, 325, 602, 613, 614, 383, 950, 320, 774, 292], [48, 933, 996, 86, 542, 310, 629, 836, 504, 170, 292, 792, 339, 80, 668, 956, 965, 496, 643, 502, 674, 418, 409, 785, 364]], [[342, 612, 855, 535, 981, 425, 645, 836, 405, 391, 575, 923, 704, 74, 304, 312, 400, 519, 192, 634, 801, 765, 880, 879, 529], [635, 703, 964, 820, 507, 503, 552, 344, 509, 864, 569, 364, 515, 20, 747, 882, 13, 615, 142, 146, 152, 712, 885, 525, 784], [424, 105, 626, 695, 333, 746, 146, 844, 149, 109, 960, 571, 91, 54, 560, 995, 65, 725, 174, 992, 234, 772, 916, 547, 394], [838, 762, 596, 350, 206, 544, 196, 235, 79, 809, 341, 357, 552, 137, 379, 669, 800, 868, 990, 981, 652, 424, 551, 422, 991], [276, 848, 931, 504, 814, 783, 737, 273, 144, 391, 525, 954, 529, 377, 965, 50, 505, 131, 373, 398, 815, 674, 271, 27, 754], [923, 283, 340, 161, 935, 568, 916, 241, 445, 547, 391, 77, 286, 809, 394, 92, 224, 73, 359, 346, 819, 717, 866, 164, 35], [707, 411, 975, 812, 278, 435, 755, 351, 79, 667, 441, 256, 337, 68, 588, 506, 436, 691, 315, 852, 185, 814, 722, 383, 470], [277, 704, 33, 715, 901, 503, 736, 644, 375, 713, 140, 35, 796, 877, 507, 343, 627, 514, 702, 554, 249, 383, 158, 368, 705], [544, 884, 448, 144, 578, 768, 894, 617, 333, 198, 586, 686, 160, 162, 240, 363, 868, 733, 965, 962, 661, 132, 597, 18, 113], [99, 756, 242, 627, 266, 39, 889, 321, 19, 900, 340, 688, 713, 280, 391, 950, 370, 998, 555, 614, 344, 105, 909, 576, 901], [251, 308, 413, 910, 617, 581, 64, 721, 822, 548, 391, 273, 206, 713, 598, 359, 207, 438, 729, 562, 390, 925, 593, 919, 993], [200, 833, 882, 647, 148, 541, 153, 278, 685, 617, 107, 523, 570, 156, 387, 198, 222, 316, 772, 737, 894, 857, 842, 92, 890], [487, 241, 625, 637, 856, 577, 185, 882, 812, 971, 17, 506, 865, 901, 431, 531, 253, 569, 261, 631, 308, 311, 295, 525, 83], [88, 828, 360, 552, 717, 650, 217, 935, 97, 580, 160, 715, 854, 94, 55, 963, 13, 375, 241, 106, 458, 575, 99, 284, 540], [347, 298, 469, 170, 213, 161, 657, 98, 565, 725, 699, 172, 585, 779, 620, 352, 981, 287, 414, 167, 865, 962, 608, 622, 8], [676, 126, 328, 20, 311, 799, 981, 66, 254, 781, 404, 726, 998, 917, 526, 488, 273, 482, 614, 155, 134, 465, 414, 95, 793], [53, 800, 471, 379, 936, 998, 662, 280, 116, 39, 97, 303, 452, 192, 228, 288, 458, 811, 925, 547, 849, 914, 677, 766, 224], [677, 756, 548, 820, 327, 952, 50, 403, 603, 822, 587, 38, 349, 880, 224, 194, 657, 772, 374, 301, 91, 366, 316, 736, 650], [124, 420, 439, 65, 500, 900, 658, 252, 688, 110, 422, 894, 483, 862, 256, 281, 918, 624, 891, 769, 152, 741, 239, 454, 362], [913, 411, 57, 298, 522, 641, 319, 551, 890, 970, 488, 152, 426, 937, 340, 753, 533, 959, 145, 258, 157, 690, 500, 13, 239], [818, 14, 347, 945, 107, 806, 891, 379, 829, 808, 944, 564, 477, 381, 929, 940, 201, 711, 155, 82, 216, 2, 489, 805, 25], [287, 656, 629, 351, 252, 411, 12, 775, 416, 93, 435, 193, 54, 668, 837, 891, 904, 846, 534, 165, 689, 462, 954, 877, 582], [174, 376, 466, 524, 888, 112, 509, 638, 260, 987, 449, 54, 140, 939, 478, 425, 93, 65, 90, 36, 981, 314, 282, 388, 815], [537, 263, 752, 888, 162, 280, 597, 958, 766, 696, 141, 679, 594, 508, 525, 242, 795, 334, 618, 37, 147, 992, 533, 637, 754], [891, 280, 340, 17, 45, 370, 358, 434, 849, 658, 530, 226, 511, 251, 124, 502, 64, 848, 541, 913, 981, 264, 295, 977, 300]], [[785, 206, 481, 119, 177, 437, 881, 707, 314, 597, 315, 642, 149, 293, 535, 903, 56, 652, 46, 617, 798, 260, 765, 980, 113], [708, 822, 106, 111, 644, 37, 862, 942, 113, 699, 993, 710, 462, 166, 209, 142, 603, 546, 889, 976, 226, 646, 492, 49, 885], [327, 137, 744, 417, 139, 44, 468, 376, 121, 243, 644, 522, 231, 855, 669, 584, 658, 642, 330, 805, 439, 413, 513, 935, 821], [901, 698, 882, 345, 839, 368, 853, 938, 746, 213, 74, 791, 714, 633, 892, 764, 692, 243, 268, 515, 931, 632, 648, 357, 251], [988, 747, 897, 813, 697, 376, 398, 966, 523, 650, 888, 384, 193, 539, 730, 319, 292, 325, 678, 841, 891, 558, 525, 476, 593], [404, 115, 825, 692, 992, 737, 586, 892, 851, 490, 354, 924, 1, 26, 326, 32, 871, 731, 345, 693, 835, 260, 591, 639, 374], [223, 831, 130, 273, 460, 923, 920, 719, 468, 3, 442, 932, 115, 420, 930, 820, 12, 800, 702, 975, 398, 519, 579, 540, 915], [427, 357, 632, 49, 422, 894, 565, 288, 950, 436, 82, 555, 248, 694, 156, 692, 417, 147, 453, 36, 838, 516, 329, 829, 954], [341, 282, 769, 39, 632, 324, 153, 680, 654, 631, 51, 309, 705, 505, 188, 651, 656, 288, 263, 545, 944, 582, 108, 841, 365], [450, 646, 75, 676, 749, 932, 110, 570, 381, 497, 793, 466, 13, 171, 959, 703, 240, 436, 790, 923, 811, 796, 73, 993, 786], [610, 443, 706, 163, 916, 127, 985, 695, 221, 105, 184, 902, 40, 331, 54, 329, 186, 236, 636, 462, 477, 847, 217, 885, 393], [268, 41, 122, 116, 738, 299, 677, 466, 385, 17, 416, 56, 255, 119, 276, 906, 669, 393, 771, 665, 801, 875, 737, 607, 391], [260, 234, 467, 914, 917, 425, 383, 516, 746, 171, 645, 410, 305, 126, 451, 835, 18, 393, 101, 51, 356, 666, 496, 311, 371], [509, 339, 81, 502, 47, 606, 624, 768, 267, 418, 393, 125, 867, 692, 937, 698, 152, 332, 421, 454, 965, 711, 276, 600, 911], [122, 469, 831, 744, 178, 920, 110, 929, 415, 210, 399, 177, 563, 114, 777, 266, 884, 493, 657, 579, 825, 76, 436, 567, 798], [123, 674, 340, 996, 878, 520, 584, 771, 314, 597, 854, 362, 668, 861, 750, 27, 950, 418, 703, 656, 918, 552, 32, 234, 857], [366, 467, 28, 240, 201, 68, 806, 644, 154, 98, 531, 785, 219, 608, 84, 274, 588, 524, 143, 802, 367, 708, 934, 89, 891], [186, 80, 907, 605, 826, 96, 603, 906, 667, 321, 775, 48, 134, 643, 504, 687, 583, 230, 996, 759, 926, 71, 843, 37, 818], [821, 627, 592, 116, 201, 223, 632, 638, 217, 437, 485, 695, 973, 345, 718, 160, 16, 328, 685, 351, 801, 34, 819, 118, 365], [893, 65, 736, 358, 516, 729, 431, 359, 984, 663, 956, 826, 890, 888, 458, 195, 282, 752, 5, 822, 140, 229, 235, 219, 272], [954, 372, 486, 437, 279, 969, 644, 274, 625, 408, 275, 85, 370, 852, 95, 632, 730, 485, 190, 111, 675, 670, 235, 194, 853], [575, 3, 357, 598, 27, 719, 795, 593, 484, 99, 431, 784, 676, 235, 236, 586, 127, 559, 816, 855, 895, 290, 410, 811, 951], [782, 922, 208, 751, 417, 611, 141, 565, 500, 626, 741, 369, 949, 756, 711, 278, 558, 95, 532, 954, 605, 249, 239, 195, 267], [828, 698, 536, 858, 191, 550, 200, 220, 256, 363, 286, 251, 610, 435, 859, 545, 464, 612, 500, 354, 308, 355, 843, 50, 762], [636, 417, 435, 372, 468, 955, 266, 66, 101, 646, 192, 692, 583, 616, 811, 347, 763, 522, 269, 817, 34, 510, 361, 25, 514]], [[381, 76, 472, 836, 994, 698, 739, 614, 62, 64, 254, 828, 898, 954, 626, 78, 106, 438, 230, 208, 916, 458, 627, 97, 45], [567, 313, 218, 518, 354, 839, 875, 476, 30, 173, 296, 62, 800, 794, 119, 740, 556, 998, 641, 861, 28, 269, 306, 150, 721], [511, 499, 428, 513, 731, 692, 784, 60, 366, 850, 824, 896, 666, 203, 654, 725, 87, 440, 523, 751, 169, 124, 551, 610, 460], [237, 721, 736, 705, 832, 468, 484, 935, 841, 435, 959, 513, 20, 333, 408, 178, 216, 289, 157, 330, 714, 604, 540, 87, 628], [824, 872, 469, 873, 301, 907, 333, 229, 962, 864, 95, 220, 141, 282, 143, 956, 355, 682, 586, 546, 585, 831, 134, 178, 260], [364, 285, 678, 708, 964, 525, 156, 442, 261, 206, 521, 566, 691, 685, 517, 340, 592, 513, 781, 89, 812, 577, 86, 374, 837], [619, 835, 844, 220, 331, 360, 314, 711, 668, 190, 539, 392, 332, 400, 704, 684, 793, 996, 832, 119, 894, 540, 568, 922, 765], [309, 242, 179, 654, 495, 535, 787, 907, 989, 847, 176, 140, 835, 12, 461, 587, 300, 816, 319, 563, 301, 890, 913, 623, 786], [344, 691, 712, 307, 882, 65, 243, 817, 401, 157, 40, 337, 150, 665, 373, 868, 95, 294, 701, 82, 106, 53, 742, 841, 438], [787, 318, 855, 407, 799, 65, 466, 25, 190, 129, 305, 61, 222, 517, 661, 544, 754, 837, 580, 280, 520, 813, 3, 596, 738], [303, 62, 865, 606, 989, 164, 561, 745, 998, 819, 705, 187, 83, 387, 60, 767, 791, 805, 972, 41, 489, 51, 430, 103, 87], [495, 56, 563, 206, 558, 354, 651, 796, 846, 396, 546, 328, 567, 468, 918, 785, 608, 629, 461, 32, 612, 518, 301, 363, 79], [54, 296, 17, 250, 604, 390, 858, 144, 585, 968, 136, 675, 803, 478, 279, 746, 872, 349, 605, 584, 45, 619, 303, 284, 833], [554, 726, 506, 448, 494, 601, 999, 238, 782, 945, 307, 471, 937, 359, 101, 809, 115, 656, 128, 385, 202, 135, 136, 888, 625], [309, 351, 541, 954, 140, 235, 268, 904, 674, 544, 565, 421, 298, 582, 858, 498, 883, 781, 98, 766, 551, 627, 860, 299, 433], [569, 80, 776, 735, 89, 787, 554, 852, 427, 414, 662, 62, 323, 388, 791, 931, 836, 566, 944, 316, 457, 391, 279, 175, 666], [988, 291, 522, 857, 564, 721, 641, 702, 200, 600, 701, 438, 259, 171, 540, 102, 386, 373, 265, 363, 756, 569, 52, 26, 14], [371, 569, 898, 89, 222, 625, 515, 451, 881, 899, 876, 478, 840, 342, 496, 165, 6, 362, 0, 353, 484, 674, 230, 800, 410], [475, 620, 874, 266, 289, 394, 709, 123, 514, 661, 913, 622, 152, 194, 799, 290, 775, 18, 176, 737, 455, 713, 129, 177, 443], [842, 344, 909, 585, 783, 617, 283, 178, 405, 273, 894, 984, 61, 876, 884, 198, 338, 725, 987, 873, 327, 875, 929, 778, 575], [628, 486, 203, 718, 521, 396, 45, 676, 243, 259, 629, 704, 533, 495, 372, 651, 88, 614, 137, 552, 144, 793, 556, 413, 467], [849, 297, 174, 130, 739, 439, 180, 104, 931, 276, 820, 237, 17, 951, 363, 223, 579, 105, 205, 550, 166, 597, 271, 850, 286], [843, 624, 282, 64, 397, 757, 144, 428, 655, 919, 581, 927, 610, 664, 524, 578, 556, 681, 558, 116, 164, 386, 221, 551, 553], [247, 816, 428, 156, 379, 596, 589, 860, 15, 13, 511, 384, 9, 560, 713, 972, 223, 900, 629, 325, 159, 84, 966, 494, 707], [925, 970, 155, 988, 457, 540, 13, 531, 380, 945, 333, 753, 591, 154, 366, 486, 208, 167, 119, 114, 647, 120, 289, 411, 571]], [[542, 821, 99, 520, 183, 145, 212, 405, 82, 135, 457, 947, 390, 966, 13, 819, 71, 585, 522, 949, 613, 700, 730, 489, 699], [206, 15, 407, 629, 262, 325, 513, 279, 199, 729, 207, 561, 118, 686, 772, 241, 947, 159, 147, 336, 151, 921, 378, 888, 746], [882, 127, 115, 472, 30, 468, 2, 282, 18, 725, 353, 46, 535, 348, 868, 501, 941, 676, 641, 331, 85, 295, 422, 245, 569], [577, 302, 394, 571, 378, 206, 4, 698, 859, 545, 371, 821, 438, 219, 717, 519, 992, 650, 617, 177, 343, 828, 444, 860, 933], [765, 139, 26, 263, 78, 561, 750, 142, 295, 493, 892, 802, 721, 950, 57, 0, 275, 876, 996, 52, 875, 577, 787, 202, 952], [519, 58, 972, 135, 833, 83, 8, 583, 480, 359, 645, 603, 231, 122, 562, 89, 218, 659, 274, 816, 744, 59, 935, 579, 758], [788, 70, 85, 793, 87, 775, 192, 648, 815, 900, 634, 753, 251, 696, 909, 599, 723, 137, 102, 766, 742, 141, 991, 451, 511], [669, 233, 654, 717, 524, 258, 352, 335, 877, 227, 964, 116, 980, 321, 783, 174, 720, 169, 358, 58, 412, 29, 205, 380, 838], [32, 623, 20, 935, 314, 552, 783, 744, 92, 530, 885, 156, 163, 161, 482, 484, 734, 745, 790, 850, 884, 784, 33, 553, 337], [382, 295, 548, 989, 443, 232, 944, 978, 592, 253, 638, 190, 506, 96, 230, 869, 500, 259, 188, 605, 315, 436, 158, 75, 420], [958, 843, 946, 741, 391, 99, 665, 650, 258, 339, 658, 809, 76, 528, 672, 509, 9, 481, 851, 523, 126, 12, 48, 511, 131], [600, 107, 175, 52, 981, 779, 875, 844, 684, 276, 939, 67, 612, 634, 606, 447, 998, 140, 668, 708, 552, 194, 388, 796, 942], [289, 377, 626, 666, 306, 382, 537, 339, 451, 297, 764, 886, 824, 7, 454, 33, 565, 757, 263, 870, 50, 930, 75, 936, 825], [353, 234, 795, 213, 568, 354, 627, 389, 817, 283, 740, 884, 930, 711, 162, 761, 557, 837, 882, 769, 825, 190, 251, 945, 536], [788, 170, 160, 417, 562, 383, 873, 855, 640, 879, 876, 984, 189, 554, 502, 614, 37, 820, 696, 631, 56, 239, 105, 173, 267], [597, 41, 594, 630, 718, 22, 402, 36, 708, 106, 670, 253, 338, 351, 654, 439, 886, 40, 788, 236, 290, 104, 844, 288, 204], [780, 330, 645, 730, 374, 38, 728, 533, 830, 560, 404, 353, 788, 27, 952, 319, 101, 220, 293, 384, 157, 585, 818, 95, 704], [481, 264, 970, 76, 367, 45, 228, 320, 924, 198, 501, 998, 372, 559, 907, 670, 770, 810, 113, 67, 534, 570, 157, 795, 436], [235, 193, 331, 186, 962, 255, 825, 841, 721, 247, 662, 571, 88, 640, 84, 399, 395, 837, 924, 106, 370, 158, 40, 52, 241], [752, 686, 437, 532, 386, 995, 255, 109, 907, 216, 151, 929, 544, 558, 577, 194, 381, 729, 15, 131, 433, 265, 423, 534, 370], [212, 645, 56, 374, 542, 918, 193, 181, 784, 972, 803, 450, 564, 681, 381, 1, 217, 500, 814, 405, 104, 425, 733, 971, 75], [419, 386, 556, 79, 890, 965, 427, 666, 237, 907, 368, 663, 726, 752, 39, 936, 543, 176, 241, 506, 898, 2, 162, 719, 123], [135, 270, 664, 283, 15, 353, 214, 630, 558, 25, 469, 725, 121, 299, 547, 872, 407, 428, 638, 604, 246, 237, 648, 235, 535], [230, 416, 610, 884, 503, 981, 372, 634, 481, 25, 502, 218, 617, 308, 3, 844, 468, 118, 931, 82, 90, 121, 784, 654, 839], [905, 382, 773, 631, 568, 490, 466, 539, 304, 554, 804, 796, 948, 794, 779, 13, 863, 831, 137, 480, 440, 960, 770, 734, 136]], [[903, 873, 575, 180, 922, 302, 24, 868, 525, 153, 489, 394, 865, 888, 551, 562, 467, 237, 288, 425, 466, 631, 843, 92, 358], [362, 952, 490, 15, 712, 678, 316, 856, 345, 309, 878, 164, 685, 626, 999, 226, 408, 527, 611, 833, 187, 203, 264, 994, 363], [247, 636, 92, 452, 628, 332, 47, 184, 638, 296, 3, 281, 176, 842, 235, 668, 792, 568, 604, 683, 403, 257, 519, 338, 345], [672, 347, 444, 477, 340, 353, 385, 332, 659, 727, 483, 213, 180, 977, 220, 552, 183, 881, 641, 585, 305, 295, 689, 301, 63], [90, 173, 376, 694, 53, 908, 154, 426, 712, 295, 308, 993, 892, 518, 358, 144, 392, 890, 658, 356, 148, 909, 224, 377, 969], [613, 534, 229, 69, 191, 300, 826, 622, 964, 357, 54, 994, 337, 911, 751, 498, 525, 285, 422, 147, 758, 369, 216, 748, 614], [101, 865, 204, 100, 695, 115, 441, 772, 520, 113, 957, 483, 832, 136, 599, 802, 959, 151, 300, 595, 893, 471, 764, 69, 793], [645, 977, 128, 508, 691, 165, 968, 515, 440, 208, 800, 783, 643, 865, 602, 776, 675, 115, 682, 582, 463, 255, 137, 576, 597], [120, 309, 396, 940, 230, 512, 847, 611, 299, 829, 305, 619, 937, 474, 259, 734, 186, 214, 864, 178, 679, 917, 812, 31, 934], [32, 596, 189, 876, 114, 508, 177, 108, 718, 656, 704, 47, 169, 453, 790, 380, 121, 104, 66, 525, 874, 688, 273, 892, 298], [564, 380, 367, 482, 189, 402, 491, 122, 763, 193, 84, 618, 313, 205, 1, 278, 129, 884, 116, 240, 15, 956, 817, 220, 555], [24, 861, 85, 128, 694, 110, 950, 656, 123, 109, 418, 524, 379, 709, 289, 519, 942, 227, 245, 720, 730, 640, 305, 553, 247], [444, 928, 903, 853, 72, 239, 431, 151, 454, 124, 403, 437, 990, 301, 542, 285, 260, 543, 575, 866, 229, 115, 52, 962, 389], [778, 403, 2, 648, 347, 203, 608, 17, 671, 977, 640, 143, 26, 123, 218, 998, 60, 401, 739, 682, 62, 786, 833, 729, 130], [132, 210, 906, 146, 233, 978, 459, 375, 503, 404, 771, 134, 119, 265, 450, 732, 413, 690, 963, 69, 557, 973, 494, 80, 130], [815, 406, 572, 181, 606, 545, 981, 216, 40, 873, 481, 434, 405, 120, 240, 939, 533, 700, 598, 749, 376, 797, 331, 396, 162], [660, 97, 659, 616, 588, 401, 323, 693, 281, 13, 623, 448, 17, 347, 328, 799, 843, 195, 768, 911, 77, 585, 411, 83, 774], [415, 85, 588, 477, 902, 563, 392, 14, 123, 159, 602, 666, 762, 919, 378, 856, 891, 0, 388, 185, 471, 615, 322, 284, 73], [851, 169, 779, 369, 86, 746, 982, 913, 107, 317, 813, 534, 425, 815, 505, 483, 319, 389, 848, 981, 477, 739, 614, 33, 512], [200, 184, 266, 420, 93, 188, 199, 570, 675, 51, 587, 302, 814, 242, 335, 854, 695, 884, 913, 269, 148, 653, 384, 901, 611], [102, 243, 577, 875, 81, 800, 543, 893, 486, 585, 376, 788, 682, 961, 726, 225, 203, 59, 878, 101, 806, 76, 743, 946, 445], [395, 975, 473, 639, 436, 791, 933, 315, 928, 711, 270, 506, 713, 339, 304, 253, 508, 726, 693, 71, 183, 915, 733, 779, 681], [724, 924, 471, 398, 360, 971, 902, 970, 997, 410, 155, 818, 564, 89, 908, 173, 40, 721, 870, 806, 160, 883, 693, 825, 648], [417, 210, 614, 83, 688, 343, 319, 41, 199, 124, 370, 553, 261, 681, 490, 904, 905, 584, 887, 174, 729, 811, 82, 967, 823], [244, 309, 262, 0, 666, 729, 495, 168, 68, 464, 828, 966, 896, 316, 58, 999, 389, 6, 795, 940, 669, 816, 566, 260, 624]], [[455, 424, 904, 11, 976, 814, 761, 209, 411, 978, 500, 866, 653, 176, 900, 772, 907, 634, 125, 9, 462, 314, 54, 685, 753], [523, 933, 124, 245, 986, 287, 559, 269, 930, 252, 367, 76, 144, 369, 492, 93, 769, 538, 331, 498, 353, 613, 644, 397, 966], [952, 736, 3, 578, 668, 357, 464, 76, 969, 991, 310, 283, 56, 659, 196, 192, 843, 327, 923, 431, 818, 222, 691, 949, 397], [100, 879, 120, 732, 882, 420, 865, 718, 212, 104, 572, 345, 707, 381, 937, 482, 860, 301, 138, 885, 745, 854, 471, 528, 562], [356, 767, 627, 128, 518, 574, 279, 531, 118, 387, 274, 407, 875, 490, 628, 929, 749, 651, 256, 508, 592, 636, 642, 888, 688], [456, 813, 507, 546, 249, 140, 778, 37, 736, 359, 620, 605, 419, 810, 918, 55, 953, 416, 943, 592, 663, 607, 181, 426, 596], [562, 148, 655, 33, 164, 325, 646, 593, 294, 395, 27, 310, 987, 308, 373, 450, 663, 745, 466, 448, 141, 295, 359, 956, 497], [818, 111, 298, 454, 357, 20, 969, 246, 334, 235, 904, 182, 548, 919, 841, 498, 635, 495, 394, 41, 309, 831, 236, 978, 316], [612, 958, 721, 188, 634, 458, 873, 184, 156, 689, 135, 480, 587, 241, 94, 186, 258, 515, 972, 580, 321, 456, 500, 415, 316], [505, 251, 906, 851, 793, 134, 845, 455, 443, 271, 186, 784, 900, 548, 575, 364, 269, 107, 828, 705, 862, 177, 129, 876, 145], [160, 117, 249, 40, 93, 372, 280, 524, 364, 82, 948, 432, 568, 299, 63, 147, 127, 821, 500, 762, 794, 250, 510, 307, 262], [878, 940, 326, 350, 480, 402, 477, 42, 971, 355, 490, 653, 31, 494, 755, 321, 900, 659, 3, 676, 559, 781, 401, 458, 566], [793, 330, 67, 925, 459, 795, 530, 357, 577, 882, 883, 189, 41, 77, 112, 666, 44, 242, 252, 551, 213, 236, 269, 706, 964], [653, 406, 842, 606, 89, 299, 305, 746, 784, 77, 728, 384, 130, 6, 527, 487, 34, 143, 581, 714, 684, 681, 838, 624, 369], [807, 881, 808, 642, 136, 664, 797, 487, 332, 708, 760, 387, 155, 287, 896, 562, 165, 44, 353, 213, 173, 821, 628, 339, 293], [631, 530, 162, 881, 221, 989, 28, 624, 568, 437, 931, 921, 375, 386, 446, 826, 741, 283, 6, 509, 216, 304, 189, 808, 182], [958, 816, 355, 596, 497, 551, 687, 885, 370, 149, 246, 113, 632, 48, 197, 998, 114, 615, 43, 719, 916, 192, 707, 74, 508], [298, 575, 182, 543, 561, 148, 892, 571, 303, 657, 546, 455, 472, 547, 119, 760, 289, 758, 125, 946, 730, 304, 161, 215, 213], [495, 748, 673, 246, 842, 970, 530, 752, 438, 320, 131, 877, 269, 129, 48, 15, 643, 880, 983, 222, 356, 357, 181, 741, 429], [395, 295, 103, 367, 138, 482, 622, 181, 186, 950, 869, 797, 962, 95, 521, 538, 905, 291, 433, 998, 220, 858, 144, 839, 401], [339, 164, 373, 990, 857, 468, 574, 492, 729, 370, 418, 797, 139, 867, 528, 229, 354, 764, 927, 635, 836, 856, 613, 652, 283], [327, 400, 708, 37, 438, 942, 258, 412, 330, 636, 868, 622, 169, 36, 262, 501, 406, 588, 2, 939, 844, 630, 345, 811, 159], [831, 190, 90, 176, 597, 256, 607, 904, 64, 452, 221, 230, 335, 96, 237, 681, 784, 938, 383, 568, 423, 401, 808, 686, 897], [388, 466, 146, 738, 666, 74, 691, 592, 549, 648, 923, 674, 230, 556, 263, 943, 825, 460, 104, 660, 530, 658, 643, 922, 338], [80, 349, 636, 631, 935, 198, 985, 280, 794, 495, 422, 871, 457, 544, 885, 832, 649, 120, 926, 39, 54, 308, 333, 694, 605]]], [[[675, 172, 895, 263, 825, 63, 557, 802, 627, 247, 70, 5, 58, 136, 21, 885, 765, 129, 517, 162, 104, 556, 616, 248, 987], [794, 39, 151, 233, 208, 26, 855, 2, 147, 263, 832, 450, 699, 837, 252, 308, 982, 392, 733, 381, 67, 499, 319, 355, 473], [828, 640, 222, 300, 959, 698, 244, 736, 550, 443, 16, 152, 578, 374, 26, 201, 939, 299, 180, 163, 987, 829, 204, 598, 28], [638, 542, 8, 605, 58, 769, 612, 527, 193, 359, 701, 236, 631, 336, 875, 350, 278, 260, 671, 452, 451, 204, 840, 160, 269], [641, 824, 111, 552, 20, 136, 508, 345, 396, 207, 320, 427, 997, 398, 481, 547, 784, 436, 920, 113, 728, 81, 707, 930, 274], [83, 583, 846, 173, 215, 223, 95, 814, 525, 968, 163, 876, 867, 842, 695, 826, 183, 687, 649, 621, 684, 325, 296, 447, 973], [90, 786, 467, 599, 732, 173, 836, 100, 909, 384, 158, 610, 83, 138, 181, 31, 500, 910, 456, 922, 343, 132, 113, 503, 413], [445, 929, 466, 140, 945, 167, 941, 221, 537, 195, 237, 134, 331, 31, 939, 953, 319, 513, 755, 413, 573, 476, 570, 316, 176], [10, 728, 580, 990, 562, 888, 522, 277, 547, 216, 113, 440, 413, 250, 445, 863, 897, 743, 330, 274, 619, 409, 459, 691, 399], [454, 543, 541, 446, 154, 160, 471, 586, 349, 561, 423, 809, 463, 910, 864, 131, 794, 438, 122, 704, 61, 616, 811, 77, 649], [726, 335, 929, 216, 376, 328, 522, 644, 904, 142, 494, 676, 482, 117, 53, 423, 833, 427, 93, 769, 181, 686, 852, 374, 863], [450, 181, 680, 609, 176, 767, 300, 687, 856, 37, 404, 481, 56, 503, 451, 441, 550, 723, 285, 664, 854, 43, 775, 391, 57], [816, 294, 505, 564, 621, 541, 922, 777, 998, 174, 29, 309, 800, 870, 186, 154, 153, 352, 245, 599, 927, 829, 864, 338, 620], [592, 432, 637, 945, 401, 40, 244, 821, 727, 890, 999, 801, 699, 295, 944, 975, 746, 607, 259, 140, 900, 206, 38, 365, 920], [56, 337, 442, 147, 484, 123, 880, 748, 635, 656, 477, 512, 55, 181, 103, 521, 487, 492, 31, 949, 440, 797, 652, 308, 948], [331, 994, 392, 146, 635, 432, 187, 436, 430, 853, 831, 632, 240, 962, 313, 46, 723, 784, 193, 302, 1, 705, 521, 547, 816], [296, 797, 307, 403, 509, 4, 877, 6, 625, 478, 962, 875, 340, 943, 166, 678, 677, 362, 825, 265, 956, 167, 281, 827, 176], [160, 493, 378, 3, 132, 297, 721, 194, 89, 342, 709, 760, 787, 234, 213, 766, 47, 573, 225, 929, 931, 146, 118, 358, 686], [565, 342, 318, 266, 873, 898, 724, 613, 200, 945, 750, 140, 762, 881, 295, 674, 731, 830, 514, 515, 294, 856, 188, 253, 600], [407, 892, 635, 833, 335, 449, 425, 237, 893, 640, 963, 308, 628, 316, 810, 643, 831, 753, 759, 659, 496, 39, 242, 381, 882], [40, 394, 3, 963, 142, 184, 492, 696, 257, 480, 821, 937, 745, 719, 54, 823, 588, 559, 304, 74, 425, 730, 757, 127, 151], [403, 886, 776, 74, 256, 483, 894, 728, 288, 707, 334, 44, 175, 889, 394, 531, 226, 737, 452, 369, 674, 615, 465, 163, 411], [859, 366, 443, 933, 154, 211, 133, 752, 681, 616, 425, 893, 557, 686, 456, 233, 201, 82, 247, 11, 571, 775, 363, 370, 57], [867, 700, 311, 980, 854, 698, 225, 3, 165, 350, 537, 654, 845, 551, 417, 536, 146, 274, 661, 128, 355, 477, 561, 611, 796], [95, 430, 927, 479, 809, 111, 616, 581, 162, 385, 307, 40, 0, 29, 377, 709, 20, 557, 458, 246, 278, 859, 556, 179, 894]], [[716, 107, 510, 440, 480, 826, 377, 248, 289, 853, 67, 205, 616, 705, 185, 580, 140, 543, 158, 694, 490, 385, 981, 497, 995], [429, 586, 695, 699, 449, 12, 270, 231, 109, 897, 89, 318, 285, 104, 319, 885, 290, 749, 25, 833, 216, 39, 436, 374, 617], [883, 847, 661, 728, 709, 24, 257, 280, 339, 20, 612, 13, 319, 115, 851, 416, 232, 481, 120, 719, 826, 398, 744, 213, 608], [507, 562, 357, 758, 314, 59, 684, 296, 706, 735, 522, 699, 975, 816, 638, 117, 304, 62, 748, 957, 251, 662, 658, 152, 303], [733, 60, 635, 223, 260, 384, 89, 96, 90, 617, 77, 446, 687, 677, 845, 144, 637, 63, 195, 590, 113, 120, 971, 797, 152], [815, 262, 462, 717, 477, 906, 157, 988, 207, 382, 710, 508, 980, 384, 546, 671, 547, 250, 787, 333, 165, 626, 385, 869, 288], [24, 718, 976, 108, 969, 822, 567, 583, 610, 322, 20, 553, 726, 477, 673, 540, 337, 177, 551, 563, 795, 219, 229, 632, 611], [639, 515, 38, 627, 937, 286, 868, 31, 365, 80, 293, 594, 811, 418, 5, 546, 104, 294, 670, 357, 24, 565, 334, 655, 824], [575, 564, 675, 311, 118, 506, 172, 105, 886, 367, 943, 733, 592, 517, 303, 64, 798, 974, 995, 694, 901, 230, 302, 489, 383], [141, 283, 133, 477, 697, 321, 674, 201, 873, 945, 955, 186, 40, 104, 758, 576, 475, 799, 635, 815, 382, 872, 567, 130, 527], [790, 279, 530, 726, 674, 574, 24, 58, 970, 901, 49, 982, 665, 541, 347, 648, 783, 619, 108, 660, 608, 606, 899, 141, 917], [589, 543, 144, 363, 800, 22, 27, 425, 167, 457, 70, 522, 35, 662, 504, 919, 480, 810, 81, 893, 379, 23, 803, 523, 88], [777, 814, 389, 792, 915, 410, 862, 143, 679, 949, 477, 983, 649, 402, 439, 297, 418, 45, 216, 763, 312, 242, 209, 450, 644], [499, 985, 148, 948, 231, 97, 106, 309, 365, 117, 165, 387, 216, 609, 301, 78, 149, 479, 909, 727, 4, 945, 390, 599, 628], [186, 15, 931, 983, 79, 545, 893, 602, 828, 587, 672, 155, 711, 447, 542, 679, 758, 212, 526, 282, 196, 926, 913, 123, 945], [450, 102, 193, 222, 392, 318, 165, 332, 272, 420, 113, 9, 868, 538, 302, 771, 713, 403, 676, 185, 857, 545, 143, 655, 952], [877, 823, 0, 464, 628, 170, 500, 485, 270, 477, 19, 4, 451, 36, 720, 519, 646, 341, 280, 414, 57, 399, 802, 954, 973], [822, 112, 671, 49, 453, 193, 55, 360, 107, 28, 977, 985, 208, 926, 844, 988, 831, 908, 111, 952, 8, 630, 946, 149, 26], [591, 536, 763, 257, 231, 939, 878, 440, 262, 65, 595, 917, 131, 640, 460, 166, 476, 557, 642, 22, 104, 224, 797, 89, 133], [832, 441, 511, 597, 747, 661, 863, 139, 716, 733, 468, 245, 195, 798, 688, 767, 403, 632, 281, 772, 787, 424, 78, 681, 954], [125, 287, 210, 411, 756, 235, 655, 58, 182, 977, 260, 700, 153, 240, 293, 118, 777, 677, 968, 627, 245, 754, 89, 995, 781], [639, 868, 752, 303, 625, 128, 465, 546, 571, 313, 614, 355, 893, 780, 556, 91, 906, 963, 262, 300, 204, 732, 269, 622, 816], [38, 427, 412, 5, 279, 156, 888, 590, 126, 267, 148, 82, 685, 178, 232, 771, 444, 855, 162, 820, 376, 807, 100, 555, 653], [171, 57, 498, 790, 504, 628, 387, 393, 733, 916, 307, 957, 625, 345, 280, 591, 447, 761, 97, 816, 17, 215, 659, 463, 414], [88, 239, 197, 470, 742, 598, 981, 903, 170, 827, 881, 732, 11, 499, 859, 55, 47, 201, 816, 915, 217, 650, 696, 78, 656]], [[0, 661, 957, 917, 592, 679, 579, 350, 205, 180, 139, 822, 589, 314, 896, 597, 353, 443, 971, 138, 271, 439, 588, 394, 524], [464, 323, 80, 299, 754, 508, 253, 53, 498, 684, 758, 393, 625, 983, 228, 627, 679, 382, 11, 582, 978, 411, 435, 897, 664], [557, 419, 63, 423, 799, 578, 936, 883, 229, 243, 276, 646, 456, 368, 242, 401, 937, 22, 257, 175, 577, 0, 939, 820, 367], [239, 756, 805, 230, 814, 259, 581, 201, 466, 294, 531, 685, 134, 944, 880, 169, 576, 272, 149, 215, 12, 389, 236, 686, 247], [229, 213, 626, 529, 832, 390, 112, 270, 921, 506, 442, 952, 133, 418, 199, 0, 569, 254, 362, 34, 790, 49, 9, 514, 801], [363, 956, 125, 941, 221, 479, 484, 374, 766, 739, 613, 106, 121, 188, 747, 841, 595, 950, 278, 533, 434, 440, 67, 955, 268], [137, 389, 146, 320, 854, 35, 935, 482, 906, 936, 823, 866, 971, 815, 278, 524, 147, 761, 724, 227, 106, 801, 98, 520, 488], [537, 810, 526, 195, 475, 289, 663, 169, 969, 239, 862, 736, 579, 647, 203, 705, 838, 53, 569, 161, 359, 119, 72, 187, 157], [742, 184, 674, 798, 323, 10, 453, 436, 749, 737, 570, 812, 971, 296, 921, 42, 970, 143, 681, 582, 722, 810, 126, 616, 483], [318, 74, 462, 561, 899, 524, 341, 982, 684, 496, 959, 644, 100, 76, 554, 480, 93, 437, 444, 426, 940, 796, 694, 366, 401], [383, 729, 670, 862, 444, 584, 420, 136, 798, 158, 988, 362, 637, 732, 676, 948, 314, 481, 377, 332, 634, 643, 45, 820, 881], [837, 97, 933, 225, 549, 183, 601, 840, 849, 871, 365, 202, 425, 931, 342, 654, 742, 72, 998, 116, 31, 753, 884, 79, 947], [888, 74, 313, 484, 514, 94, 618, 451, 756, 963, 962, 875, 616, 375, 648, 920, 567, 572, 467, 705, 158, 138, 410, 424, 123], [285, 482, 117, 609, 509, 912, 595, 471, 246, 116, 989, 784, 740, 603, 960, 802, 134, 893, 193, 645, 869, 993, 400, 667, 873], [171, 479, 583, 586, 370, 280, 563, 238, 283, 172, 874, 296, 726, 267, 909, 115, 898, 983, 542, 106, 185, 729, 145, 998, 318], [171, 794, 447, 275, 651, 230, 626, 183, 764, 715, 949, 918, 336, 134, 589, 136, 343, 347, 262, 300, 400, 189, 289, 668, 838], [962, 437, 749, 50, 218, 165, 368, 975, 400, 998, 56, 308, 214, 936, 945, 926, 638, 781, 698, 553, 661, 847, 941, 120, 961], [130, 857, 120, 929, 923, 836, 851, 243, 283, 915, 168, 896, 603, 849, 727, 402, 72, 382, 623, 192, 26, 607, 777, 513, 78], [551, 420, 151, 525, 531, 160, 703, 756, 740, 15, 752, 10, 366, 860, 85, 616, 918, 578, 203, 922, 210, 404, 121, 37, 299], [546, 693, 963, 556, 842, 227, 35, 952, 614, 630, 900, 349, 207, 59, 886, 119, 1, 402, 582, 234, 593, 191, 619, 61, 564], [934, 268, 786, 373, 279, 347, 590, 168, 832, 339, 798, 392, 75, 282, 901, 202, 114, 257, 949, 363, 560, 871, 352, 573, 994], [820, 949, 802, 457, 950, 963, 681, 488, 35, 437, 870, 531, 332, 846, 685, 148, 291, 981, 646, 204, 223, 951, 978, 852, 147], [183, 961, 658, 155, 601, 924, 245, 488, 872, 211, 116, 54, 600, 172, 562, 864, 855, 776, 422, 19, 35, 469, 298, 606, 464], [124, 925, 538, 812, 362, 373, 404, 221, 418, 161, 40, 38, 412, 843, 702, 545, 195, 479, 585, 152, 641, 653, 29, 428, 924], [494, 370, 347, 720, 110, 389, 291, 486, 242, 791, 704, 352, 147, 104, 683, 340, 575, 908, 249, 968, 511, 333, 53, 773, 483]], [[711, 277, 209, 572, 459, 936, 19, 482, 676, 785, 357, 598, 795, 966, 497, 84, 476, 657, 908, 860, 62, 530, 154, 300, 90], [417, 309, 156, 234, 336, 795, 442, 446, 877, 536, 479, 654, 678, 552, 880, 666, 95, 318, 669, 527, 891, 106, 998, 635, 869], [212, 484, 735, 761, 862, 69, 835, 367, 86, 381, 978, 994, 171, 349, 129, 286, 333, 449, 650, 239, 603, 828, 151, 625, 518], [519, 194, 634, 430, 114, 688, 868, 697, 435, 934, 633, 99, 490, 377, 257, 605, 12, 159, 317, 662, 931, 571, 454, 659, 640], [511, 961, 834, 838, 484, 434, 431, 882, 245, 31, 519, 78, 789, 208, 476, 271, 34, 260, 228, 1, 138, 170, 103, 409, 919], [706, 196, 49, 446, 347, 963, 282, 762, 500, 818, 985, 351, 954, 921, 266, 260, 213, 249, 796, 307, 415, 229, 200, 531, 984], [757, 834, 52, 908, 128, 48, 486, 272, 444, 519, 820, 436, 256, 7, 84, 963, 317, 894, 245, 173, 636, 702, 529, 449, 959], [369, 725, 833, 402, 631, 354, 897, 163, 827, 987, 749, 835, 52, 760, 744, 509, 510, 166, 104, 670, 688, 743, 872, 2, 345], [288, 823, 777, 704, 644, 674, 443, 651, 41, 323, 577, 271, 746, 361, 700, 35, 621, 472, 741, 967, 21, 987, 998, 955, 997], [52, 80, 512, 926, 634, 269, 823, 262, 181, 833, 37, 373, 101, 468, 429, 821, 791, 282, 382, 308, 263, 717, 704, 860, 815], [211, 841, 333, 548, 424, 925, 308, 135, 906, 146, 607, 688, 761, 161, 536, 287, 895, 258, 77, 588, 590, 973, 239, 477, 963], [622, 850, 438, 247, 628, 464, 0, 13, 253, 920, 242, 36, 165, 883, 996, 542, 495, 950, 848, 454, 6, 807, 844, 263, 615], [282, 569, 165, 340, 848, 897, 375, 124, 510, 751, 966, 357, 255, 24, 959, 289, 855, 926, 914, 942, 423, 92, 600, 101, 854], [837, 376, 987, 454, 375, 507, 991, 759, 576, 402, 610, 555, 273, 838, 803, 862, 935, 964, 319, 325, 358, 224, 902, 471, 21], [395, 843, 117, 763, 628, 823, 919, 494, 477, 249, 881, 781, 246, 560, 140, 647, 421, 573, 536, 625, 593, 88, 68, 941, 780], [753, 597, 769, 491, 935, 582, 556, 146, 580, 764, 789, 143, 14, 199, 92, 529, 608, 880, 48, 402, 514, 349, 439, 408, 259], [383, 497, 500, 867, 443, 687, 106, 89, 685, 930, 126, 953, 310, 511, 668, 636, 367, 406, 254, 274, 92, 677, 85, 750, 353], [558, 462, 24, 195, 507, 880, 636, 861, 103, 236, 219, 125, 62, 392, 818, 650, 124, 550, 959, 347, 944, 932, 742, 489, 836], [887, 236, 742, 962, 727, 21, 660, 179, 104, 841, 497, 442, 118, 765, 457, 741, 797, 774, 167, 629, 263, 550, 406, 160, 596], [766, 121, 983, 910, 39, 520, 81, 348, 675, 426, 677, 695, 186, 539, 17, 245, 731, 694, 709, 851, 953, 966, 189, 176, 843], [403, 132, 246, 290, 114, 83, 934, 758, 570, 649, 906, 859, 54, 264, 742, 941, 746, 562, 172, 461, 184, 236, 933, 28, 117], [348, 748, 515, 245, 648, 288, 279, 533, 105, 942, 32, 248, 464, 62, 656, 406, 889, 877, 168, 461, 674, 51, 410, 276, 293], [212, 356, 922, 973, 492, 933, 137, 370, 145, 165, 586, 554, 358, 805, 225, 361, 580, 534, 44, 7, 656, 557, 909, 314, 757], [562, 680, 211, 240, 257, 72, 326, 38, 833, 582, 456, 347, 597, 634, 708, 827, 186, 314, 831, 644, 837, 271, 537, 668, 507], [51, 600, 302, 611, 860, 711, 103, 184, 949, 329, 513, 22, 987, 273, 862, 758, 348, 731, 353, 442, 344, 212, 861, 333, 842]], [[144, 777, 873, 450, 810, 798, 358, 481, 754, 3, 225, 879, 512, 476, 842, 650, 171, 56, 907, 811, 860, 871, 351, 417, 373], [174, 162, 577, 666, 48, 937, 111, 309, 129, 902, 117, 580, 17, 424, 99, 491, 373, 613, 767, 441, 395, 408, 609, 136, 358], [230, 758, 651, 238, 564, 354, 858, 482, 708, 702, 229, 649, 165, 94, 308, 269, 71, 110, 997, 844, 113, 792, 6, 637, 23], [223, 762, 763, 633, 611, 796, 610, 908, 979, 146, 302, 916, 685, 580, 291, 958, 158, 57, 766, 296, 925, 628, 59, 694, 949], [643, 145, 754, 303, 932, 207, 591, 913, 357, 427, 740, 165, 19, 828, 866, 362, 849, 887, 476, 338, 377, 124, 128, 450, 912], [960, 412, 415, 758, 748, 702, 808, 482, 603, 313, 560, 932, 505, 984, 293, 142, 561, 62, 477, 46, 490, 617, 741, 152, 994], [722, 732, 663, 350, 892, 394, 103, 803, 660, 622, 322, 274, 703, 640, 180, 228, 357, 867, 530, 405, 227, 956, 459, 285, 636], [317, 860, 829, 934, 577, 563, 442, 376, 79, 116, 408, 480, 458, 68, 89, 982, 659, 796, 461, 112, 391, 907, 542, 275, 167], [619, 258, 646, 396, 162, 682, 203, 621, 68, 791, 927, 201, 925, 385, 570, 592, 394, 250, 167, 926, 898, 320, 977, 897, 417], [223, 275, 378, 891, 673, 724, 352, 23, 490, 109, 792, 306, 900, 874, 672, 345, 130, 308, 436, 705, 814, 633, 723, 296, 631], [688, 43, 838, 337, 107, 264, 197, 303, 650, 817, 397, 705, 73, 869, 124, 300, 52, 232, 646, 233, 767, 173, 782, 83, 728], [28, 531, 457, 746, 930, 537, 691, 367, 855, 103, 224, 433, 728, 97, 404, 384, 757, 670, 213, 250, 704, 933, 156, 268, 654], [513, 858, 470, 514, 737, 629, 228, 357, 291, 413, 925, 833, 953, 455, 37, 942, 13, 487, 66, 388, 437, 104, 650, 263, 792], [557, 233, 18, 957, 164, 326, 130, 76, 116, 462, 834, 672, 199, 858, 762, 658, 975, 775, 845, 646, 760, 825, 492, 974, 447], [246, 99, 96, 362, 453, 313, 682, 237, 559, 933, 585, 931, 71, 309, 383, 643, 789, 287, 797, 698, 614, 298, 712, 75, 47], [766, 164, 197, 434, 955, 191, 929, 604, 556, 31, 932, 602, 963, 997, 618, 924, 419, 765, 136, 428, 430, 948, 67, 594, 322], [263, 768, 310, 35, 970, 822, 976, 42, 529, 875, 972, 439, 440, 248, 481, 955, 134, 393, 994, 220, 888, 441, 672, 508, 511], [52, 282, 648, 305, 284, 567, 873, 721, 396, 579, 103, 769, 166, 501, 13, 598, 951, 670, 857, 939, 140, 444, 104, 800, 929], [364, 44, 544, 666, 242, 998, 741, 991, 542, 190, 669, 695, 441, 36, 344, 342, 849, 916, 438, 725, 220, 920, 239, 950, 561], [733, 600, 923, 906, 682, 322, 355, 86, 475, 383, 992, 801, 42, 703, 396, 124, 446, 724, 276, 41, 121, 60, 783, 17, 896], [341, 676, 994, 809, 154, 843, 908, 701, 446, 22, 163, 27, 160, 784, 52, 957, 598, 361, 98, 952, 205, 386, 168, 564, 130], [936, 441, 589, 400, 588, 596, 679, 986, 343, 19, 405, 525, 331, 816, 917, 876, 639, 717, 818, 427, 675, 929, 629, 839, 615], [434, 492, 977, 678, 280, 290, 69, 990, 804, 850, 933, 663, 86, 880, 712, 276, 873, 928, 948, 270, 532, 885, 721, 445, 767], [318, 218, 495, 507, 902, 856, 953, 374, 928, 274, 526, 156, 630, 409, 822, 220, 738, 886, 424, 248, 980, 536, 410, 459, 258], [768, 510, 573, 293, 912, 506, 713, 981, 359, 19, 393, 598, 352, 265, 564, 243, 962, 765, 828, 807, 169, 537, 22, 363, 204]], [[836, 240, 794, 487, 187, 165, 408, 606, 93, 578, 304, 917, 547, 930, 914, 579, 308, 795, 891, 316, 104, 875, 301, 47, 31], [321, 838, 892, 492, 933, 536, 299, 758, 471, 807, 20, 500, 841, 401, 357, 744, 88, 777, 216, 479, 382, 783, 8, 551, 237], [30, 265, 398, 40, 118, 552, 276, 665, 207, 658, 851, 886, 787, 195, 507, 196, 724, 603, 8, 433, 675, 859, 760, 629, 61], [605, 200, 947, 175, 861, 356, 610, 45, 962, 280, 534, 799, 198, 922, 532, 750, 302, 118, 245, 184, 769, 109, 889, 152, 529], [315, 621, 383, 434, 188, 888, 304, 405, 463, 23, 972, 151, 588, 446, 411, 984, 999, 573, 115, 73, 701, 14, 414, 657, 872], [143, 880, 223, 334, 632, 145, 359, 750, 608, 623, 641, 96, 711, 333, 890, 899, 179, 2, 884, 377, 502, 924, 379, 549, 716], [698, 377, 420, 433, 428, 375, 36, 864, 168, 889, 7, 203, 727, 48, 697, 695, 80, 825, 537, 748, 916, 421, 480, 150, 797], [389, 224, 347, 198, 271, 779, 880, 943, 143, 597, 350, 270, 235, 658, 861, 757, 391, 577, 517, 283, 898, 507, 705, 919, 462], [253, 445, 476, 766, 200, 545, 198, 826, 146, 843, 565, 613, 571, 410, 524, 549, 741, 955, 638, 372, 666, 57, 431, 80, 657], [227, 783, 468, 688, 150, 368, 881, 43, 153, 230, 891, 852, 615, 76, 649, 603, 282, 402, 466, 155, 461, 346, 545, 666, 703], [576, 476, 251, 900, 706, 372, 212, 213, 757, 159, 179, 772, 173, 135, 244, 729, 512, 712, 846, 689, 71, 947, 273, 533, 110], [578, 824, 992, 158, 212, 71, 934, 842, 617, 892, 262, 938, 406, 456, 636, 160, 916, 452, 876, 612, 324, 424, 623, 18, 410], [632, 251, 706, 341, 90, 531, 760, 543, 812, 46, 199, 862, 765, 266, 51, 975, 476, 488, 927, 470, 892, 142, 685, 3, 197], [908, 389, 655, 753, 863, 620, 714, 995, 384, 86, 15, 917, 886, 283, 377, 537, 322, 611, 259, 563, 569, 349, 493, 533, 579], [637, 316, 856, 459, 821, 494, 850, 885, 499, 103, 187, 993, 619, 415, 654, 833, 353, 249, 189, 811, 185, 591, 977, 521, 20], [445, 732, 104, 969, 369, 901, 82, 165, 144, 167, 555, 941, 43, 157, 175, 844, 687, 774, 317, 978, 984, 794, 870, 898, 133], [13, 283, 531, 575, 771, 417, 878, 129, 789, 302, 408, 741, 102, 914, 649, 861, 287, 193, 510, 294, 883, 677, 25, 958, 185], [373, 396, 406, 660, 587, 980, 208, 645, 230, 6, 436, 964, 356, 17, 307, 875, 860, 853, 994, 289, 758, 11, 323, 280, 212], [439, 613, 215, 31, 29, 763, 477, 997, 445, 363, 735, 989, 910, 865, 678, 793, 808, 880, 165, 566, 405, 563, 139, 806, 540], [561, 652, 799, 362, 773, 367, 179, 953, 197, 48, 125, 13, 365, 852, 90, 574, 806, 25, 573, 638, 793, 585, 281, 77, 884], [207, 327, 384, 151, 231, 897, 139, 85, 475, 809, 526, 699, 116, 942, 433, 812, 797, 796, 121, 869, 450, 233, 199, 123, 648], [451, 730, 192, 45, 297, 136, 199, 763, 481, 4, 816, 58, 250, 286, 741, 196, 34, 367, 877, 563, 833, 389, 749, 315, 484], [395, 905, 867, 400, 61, 0, 562, 983, 853, 183, 404, 611, 538, 854, 386, 420, 297, 69, 336, 10, 733, 516, 185, 813, 311], [355, 425, 269, 143, 453, 336, 620, 4, 7, 388, 98, 422, 27, 553, 807, 688, 40, 442, 482, 615, 977, 988, 726, 973, 575], [522, 606, 218, 32, 651, 31, 644, 532, 989, 784, 747, 412, 540, 947, 230, 819, 527, 820, 780, 362, 338, 445, 918, 764, 421]], [[296, 10, 666, 198, 180, 58, 274, 581, 494, 856, 557, 116, 907, 334, 357, 160, 217, 368, 16, 336, 761, 645, 892, 23, 510], [662, 113, 615, 965, 484, 140, 365, 159, 267, 385, 845, 646, 529, 618, 768, 116, 651, 190, 641, 844, 588, 486, 289, 962, 655], [944, 42, 215, 368, 983, 799, 58, 729, 278, 860, 527, 606, 713, 235, 257, 199, 557, 116, 989, 223, 581, 454, 627, 572, 170], [580, 245, 506, 392, 963, 123, 494, 246, 720, 223, 863, 295, 421, 717, 74, 758, 502, 866, 373, 377, 437, 418, 391, 176, 499], [141, 928, 971, 554, 451, 95, 176, 933, 834, 628, 919, 335, 977, 619, 907, 37, 989, 174, 963, 79, 214, 436, 389, 583, 633], [785, 994, 737, 860, 879, 537, 1, 353, 749, 650, 543, 877, 145, 43, 109, 150, 238, 708, 348, 851, 921, 55, 148, 822, 193], [203, 856, 253, 752, 50, 127, 600, 115, 642, 804, 964, 803, 145, 369, 147, 79, 495, 818, 469, 564, 766, 713, 621, 691, 880], [507, 649, 323, 830, 351, 401, 625, 206, 596, 927, 419, 247, 750, 72, 104, 326, 999, 684, 442, 690, 295, 870, 882, 394, 54], [222, 756, 180, 908, 628, 710, 106, 790, 183, 988, 652, 584, 583, 109, 807, 187, 171, 863, 626, 240, 54, 527, 247, 438, 823], [146, 909, 449, 164, 144, 170, 626, 292, 618, 339, 116, 289, 333, 951, 882, 884, 37, 472, 683, 806, 460, 276, 787, 1, 771], [583, 233, 772, 510, 432, 220, 860, 567, 548, 810, 44, 494, 441, 366, 518, 66, 706, 821, 809, 686, 903, 492, 316, 854, 241], [955, 101, 408, 76, 178, 307, 186, 816, 354, 590, 410, 196, 883, 24, 78, 603, 904, 773, 378, 680, 284, 286, 893, 653, 246], [111, 379, 23, 306, 675, 771, 383, 305, 169, 667, 954, 77, 125, 65, 72, 710, 505, 288, 148, 476, 591, 630, 931, 541, 219], [728, 267, 988, 942, 861, 165, 555, 112, 125, 331, 552, 200, 972, 881, 931, 611, 422, 678, 17, 891, 493, 708, 656, 625, 540], [726, 465, 28, 732, 938, 598, 531, 210, 170, 301, 870, 244, 745, 209, 87, 327, 533, 108, 763, 412, 381, 607, 356, 293, 279], [96, 698, 4, 853, 348, 858, 170, 174, 122, 971, 56, 322, 907, 338, 308, 497, 519, 581, 182, 184, 869, 334, 532, 968, 140], [167, 769, 929, 848, 445, 514, 162, 280, 192, 749, 304, 757, 302, 75, 352, 500, 22, 621, 326, 640, 55, 393, 933, 977, 336], [938, 853, 771, 928, 772, 107, 156, 515, 89, 217, 472, 777, 364, 551, 662, 499, 783, 523, 351, 493, 881, 616, 554, 717, 239], [328, 20, 506, 815, 838, 717, 495, 945, 781, 940, 602, 834, 557, 147, 13, 914, 6, 230, 0, 164, 129, 510, 89, 140, 565], [559, 489, 725, 569, 633, 715, 217, 711, 863, 390, 53, 788, 500, 620, 5, 944, 132, 425, 655, 881, 542, 385, 823, 369, 20], [689, 635, 948, 797, 397, 221, 861, 292, 197, 588, 512, 143, 597, 463, 89, 710, 712, 402, 392, 399, 451, 111, 870, 255, 732], [802, 157, 729, 884, 883, 631, 910, 741, 86, 689, 411, 42, 494, 434, 418, 746, 797, 744, 597, 568, 768, 614, 205, 184, 546], [609, 628, 282, 923, 882, 978, 591, 739, 737, 826, 650, 818, 247, 662, 220, 851, 893, 369, 248, 41, 142, 611, 163, 935, 792], [371, 700, 726, 698, 153, 929, 121, 29, 12, 193, 998, 228, 951, 599, 40, 882, 203, 956, 989, 278, 22, 652, 205, 842, 668], [814, 8, 212, 496, 48, 711, 161, 649, 390, 936, 101, 889, 605, 13, 264, 946, 299, 451, 759, 412, 827, 399, 892, 673, 43]], [[832, 246, 404, 491, 492, 597, 214, 993, 38, 767, 281, 641, 753, 780, 620, 558, 274, 83, 909, 599, 473, 866, 768, 45, 891], [289, 260, 318, 354, 986, 468, 46, 265, 226, 151, 209, 812, 590, 54, 624, 477, 673, 171, 813, 974, 852, 73, 542, 158, 168], [891, 501, 385, 672, 874, 930, 849, 896, 785, 805, 917, 411, 102, 984, 878, 386, 142, 249, 151, 910, 214, 354, 314, 951, 199], [590, 225, 439, 173, 790, 976, 85, 110, 992, 870, 82, 912, 259, 617, 740, 724, 415, 111, 7, 517, 733, 162, 575, 717, 494], [725, 237, 268, 620, 608, 812, 780, 285, 947, 611, 846, 545, 117, 372, 563, 305, 75, 767, 90, 412, 48, 819, 63, 858, 238], [685, 158, 599, 898, 972, 319, 857, 329, 953, 119, 790, 697, 406, 49, 467, 389, 269, 165, 607, 638, 479, 194, 225, 208, 106], [854, 54, 997, 663, 871, 204, 564, 203, 568, 761, 452, 201, 790, 735, 624, 535, 49, 613, 753, 765, 339, 426, 840, 205, 302], [259, 792, 526, 798, 919, 594, 929, 615, 558, 26, 141, 926, 711, 522, 845, 648, 55, 905, 917, 619, 663, 175, 627, 869, 146], [796, 530, 757, 137, 921, 496, 144, 121, 358, 844, 71, 818, 534, 646, 45, 97, 968, 731, 402, 431, 472, 430, 657, 749, 712], [699, 344, 162, 736, 148, 791, 651, 787, 775, 722, 957, 562, 634, 84, 218, 825, 50, 717, 319, 887, 124, 259, 690, 725, 75], [569, 143, 244, 313, 747, 487, 626, 777, 920, 767, 896, 941, 707, 84, 307, 593, 88, 746, 712, 696, 754, 505, 784, 518, 940], [282, 968, 307, 255, 644, 379, 187, 835, 641, 207, 312, 732, 72, 62, 141, 832, 652, 634, 841, 271, 902, 920, 290, 530, 297], [876, 992, 885, 362, 887, 432, 337, 345, 115, 973, 724, 274, 275, 104, 89, 436, 747, 273, 847, 735, 70, 231, 962, 752, 916], [647, 514, 156, 236, 175, 56, 542, 503, 219, 106, 516, 846, 254, 810, 126, 161, 706, 190, 222, 232, 540, 733, 927, 86, 425], [365, 788, 888, 864, 500, 874, 357, 503, 377, 265, 18, 568, 750, 450, 731, 647, 280, 975, 578, 307, 291, 351, 267, 107, 893], [846, 18, 517, 577, 824, 5, 267, 919, 332, 753, 182, 458, 125, 835, 278, 666, 964, 240, 680, 907, 377, 208, 161, 481, 829], [821, 329, 73, 671, 536, 578, 471, 535, 25, 178, 684, 525, 23, 122, 5, 562, 926, 963, 315, 123, 194, 29, 983, 732, 225], [62, 538, 118, 750, 744, 557, 52, 359, 834, 522, 559, 305, 68, 22, 442, 536, 89, 181, 848, 624, 110, 113, 207, 228, 136], [665, 957, 581, 244, 800, 761, 929, 623, 183, 560, 164, 226, 455, 593, 217, 876, 260, 903, 124, 391, 507, 42, 521, 432, 868], [808, 424, 980, 826, 892, 457, 974, 255, 348, 159, 257, 382, 347, 134, 898, 72, 598, 851, 811, 939, 572, 931, 561, 603, 343], [829, 840, 756, 868, 99, 463, 880, 360, 114, 429, 96, 231, 84, 16, 312, 870, 825, 529, 546, 851, 608, 113, 968, 259, 156], [548, 488, 133, 602, 875, 366, 9, 824, 394, 933, 666, 423, 372, 806, 471, 754, 53, 840, 351, 190, 731, 790, 608, 294, 412], [324, 255, 508, 911, 44, 20, 328, 135, 652, 87, 602, 196, 815, 450, 79, 928, 302, 300, 96, 124, 215, 877, 349, 515, 153], [763, 275, 854, 520, 494, 82, 646, 756, 660, 226, 228, 507, 820, 741, 43, 180, 136, 556, 258, 394, 496, 406, 534, 643, 462], [480, 992, 658, 760, 762, 122, 373, 320, 807, 609, 30, 675, 166, 663, 494, 95, 561, 872, 42, 412, 653, 834, 654, 214, 450]], [[526, 112, 828, 279, 356, 403, 407, 103, 199, 461, 861, 612, 534, 878, 579, 555, 829, 357, 554, 448, 43, 289, 351, 55, 3], [4, 336, 256, 325, 22, 168, 41, 426, 115, 34, 440, 473, 231, 941, 800, 193, 88, 470, 296, 904, 590, 624, 439, 729, 358], [348, 300, 758, 77, 478, 388, 770, 696, 88, 937, 149, 951, 975, 252, 127, 655, 97, 24, 890, 796, 218, 586, 645, 662, 273], [706, 21, 230, 202, 621, 892, 428, 681, 469, 135, 842, 809, 729, 547, 310, 964, 118, 309, 422, 586, 506, 516, 262, 263, 395], [442, 991, 416, 370, 930, 166, 100, 750, 975, 653, 590, 843, 950, 803, 522, 495, 644, 73, 329, 582, 794, 584, 863, 884, 569], [172, 776, 947, 637, 390, 465, 206, 816, 11, 209, 339, 603, 847, 280, 780, 463, 795, 844, 777, 650, 658, 364, 991, 533, 56], [796, 718, 949, 964, 132, 420, 857, 710, 405, 470, 174, 941, 762, 198, 558, 196, 923, 466, 476, 967, 37, 741, 283, 906, 519], [773, 484, 834, 402, 486, 822, 106, 789, 651, 34, 406, 711, 492, 562, 141, 199, 953, 156, 426, 602, 267, 273, 440, 937, 170], [871, 478, 726, 484, 35, 590, 503, 854, 370, 228, 465, 520, 875, 896, 563, 378, 752, 250, 320, 937, 561, 816, 627, 527, 317], [112, 984, 7, 797, 568, 876, 73, 567, 831, 337, 585, 596, 392, 631, 541, 768, 651, 467, 454, 744, 481, 329, 923, 913, 574], [25, 719, 840, 685, 445, 531, 920, 305, 623, 355, 736, 558, 560, 765, 825, 406, 679, 559, 500, 465, 530, 346, 475, 935, 515], [547, 810, 403, 789, 608, 213, 393, 190, 797, 982, 934, 420, 504, 18, 58, 986, 888, 257, 793, 515, 849, 181, 93, 306, 824], [852, 879, 980, 445, 487, 940, 748, 412, 230, 982, 2, 538, 758, 80, 162, 183, 833, 184, 110, 91, 191, 294, 995, 797, 663], [256, 124, 884, 999, 582, 263, 833, 587, 985, 925, 293, 477, 922, 193, 26, 535, 903, 762, 244, 11, 527, 574, 645, 569, 302], [532, 444, 910, 411, 554, 555, 575, 103, 394, 921, 67, 908, 966, 272, 356, 206, 595, 725, 407, 106, 681, 309, 815, 192, 917], [503, 962, 126, 362, 256, 14, 59, 844, 518, 961, 727, 40, 606, 586, 418, 79, 361, 415, 364, 229, 54, 143, 638, 742, 337], [659, 910, 18, 421, 657, 787, 186, 834, 548, 539, 120, 112, 941, 811, 911, 703, 248, 27, 932, 415, 44, 367, 245, 466, 544], [916, 779, 521, 623, 951, 559, 19, 82, 384, 245, 851, 361, 504, 546, 844, 845, 189, 650, 109, 234, 912, 798, 784, 64, 909], [688, 18, 327, 426, 448, 544, 793, 428, 568, 62, 550, 875, 197, 467, 589, 176, 618, 493, 335, 254, 703, 837, 648, 902, 786], [423, 786, 286, 750, 327, 553, 748, 923, 31, 19, 851, 179, 345, 816, 447, 874, 332, 200, 680, 985, 887, 412, 695, 582, 739], [494, 681, 894, 355, 100, 635, 134, 522, 985, 515, 57, 325, 589, 910, 46, 29, 379, 402, 475, 217, 252, 967, 695, 905, 68], [454, 414, 163, 85, 31, 407, 170, 493, 542, 989, 961, 791, 19, 747, 775, 854, 191, 653, 405, 179, 128, 678, 981, 194, 279], [973, 262, 361, 470, 293, 481, 135, 923, 720, 459, 14, 221, 821, 139, 705, 145, 489, 698, 206, 172, 891, 355, 50, 637, 325], [605, 888, 46, 199, 915, 705, 449, 502, 511, 562, 680, 375, 589, 584, 359, 442, 818, 448, 877, 551, 917, 867, 548, 306, 505], [917, 836, 746, 661, 619, 771, 329, 257, 790, 553, 211, 260, 436, 561, 388, 939, 589, 947, 378, 120, 737, 915, 465, 991, 300]], [[819, 85, 641, 951, 208, 438, 334, 511, 828, 867, 882, 24, 223, 961, 481, 69, 444, 979, 439, 622, 205, 748, 534, 351, 248], [278, 481, 662, 272, 854, 859, 897, 410, 110, 615, 404, 478, 261, 197, 125, 240, 390, 387, 868, 462, 371, 177, 440, 809, 738], [712, 934, 550, 184, 46, 376, 763, 31, 480, 536, 607, 908, 386, 720, 671, 428, 805, 398, 290, 967, 214, 549, 933, 67, 867], [407, 777, 742, 758, 794, 303, 135, 341, 685, 451, 151, 702, 87, 967, 173, 359, 786, 976, 847, 738, 66, 566, 652, 181, 445], [11, 348, 201, 323, 800, 877, 383, 850, 965, 408, 292, 563, 380, 919, 646, 431, 844, 180, 749, 896, 229, 306, 914, 891, 350], [629, 251, 319, 608, 923, 756, 736, 870, 837, 438, 858, 971, 278, 457, 517, 794, 917, 591, 334, 824, 243, 362, 951, 246, 116], [687, 525, 370, 911, 940, 970, 995, 948, 747, 881, 966, 660, 502, 464, 177, 202, 301, 123, 361, 322, 935, 790, 607, 300, 442], [256, 498, 189, 615, 538, 469, 510, 302, 416, 170, 785, 384, 856, 373, 775, 330, 512, 474, 5, 611, 100, 960, 410, 589, 719], [127, 882, 758, 466, 847, 172, 400, 94, 208, 588, 710, 388, 668, 347, 686, 459, 191, 656, 413, 535, 488, 511, 299, 880, 279], [651, 936, 284, 941, 917, 930, 657, 625, 636, 653, 102, 113, 837, 424, 409, 969, 576, 994, 155, 114, 610, 964, 605, 642, 732], [193, 478, 278, 945, 902, 355, 989, 532, 86, 82, 221, 726, 253, 437, 998, 214, 184, 816, 795, 229, 68, 987, 858, 339, 447], [946, 143, 781, 975, 510, 80, 814, 865, 886, 26, 613, 490, 108, 68, 604, 703, 15, 240, 523, 50, 766, 864, 513, 720, 251], [359, 321, 873, 336, 640, 315, 884, 628, 369, 811, 921, 925, 666, 761, 801, 992, 87, 218, 750, 949, 838, 49, 266, 214, 483], [842, 157, 250, 114, 281, 421, 612, 965, 580, 365, 473, 979, 657, 649, 650, 233, 425, 494, 228, 295, 585, 303, 970, 441, 105], [368, 909, 191, 367, 70, 304, 643, 321, 312, 737, 968, 835, 441, 185, 900, 830, 523, 472, 975, 393, 380, 930, 316, 841, 596], [137, 284, 189, 406, 76, 64, 885, 429, 557, 981, 506, 262, 568, 374, 165, 385, 943, 649, 681, 926, 112, 965, 777, 161, 955], [112, 87, 727, 485, 992, 519, 134, 849, 868, 500, 667, 466, 762, 203, 218, 295, 569, 255, 929, 251, 820, 989, 153, 533, 140], [500, 765, 492, 736, 344, 382, 372, 263, 857, 329, 52, 792, 561, 404, 43, 695, 588, 806, 968, 669, 406, 992, 243, 555, 585], [753, 420, 252, 177, 171, 32, 616, 212, 964, 589, 417, 992, 507, 488, 386, 487, 640, 129, 99, 188, 85, 897, 342, 234, 300], [237, 621, 693, 272, 497, 242, 956, 643, 248, 482, 27, 250, 102, 420, 120, 249, 163, 369, 1, 538, 975, 925, 844, 917, 801], [22, 105, 21, 405, 286, 232, 156, 421, 56, 186, 454, 642, 464, 69, 833, 990, 295, 377, 129, 20, 608, 610, 403, 500, 80], [282, 413, 411, 843, 237, 38, 650, 581, 530, 983, 318, 666, 397, 585, 453, 405, 332, 427, 652, 622, 142, 760, 696, 984, 250], [955, 749, 705, 114, 217, 492, 729, 145, 926, 61, 375, 823, 48, 230, 707, 154, 262, 692, 615, 643, 691, 721, 676, 787, 582], [672, 35, 821, 805, 607, 648, 292, 524, 308, 572, 419, 34, 155, 620, 328, 283, 77, 562, 480, 765, 412, 944, 52, 574, 184], [784, 8, 327, 522, 665, 714, 68, 697, 156, 895, 585, 203, 218, 66, 16, 106, 861, 37, 368, 349, 225, 912, 53, 340, 214]]]]

All pearson (by: run iteration, trial number):
[[ 0.85032834  0.38012851  0.75754762  0.78544092  0.68451075  0.76371418
   0.85935181  0.65432436  0.90146098  0.85276322]
 [ 0.85383874  0.45631181  0.75470962  0.71597772  0.67282458  0.69389452
   0.82427448  0.82520941  0.89387572  0.82989381]
 [ 0.87969479  0.3712897   0.78784074  0.77450346  0.53288283  0.66876548
   0.82251337  0.74650927  0.89379221  0.83753325]]

All spearman (by: run iteration, trial number):
[[ 0.82857143  0.37142857  0.81167945  0.66673669  0.42857143  0.71428571
   0.82857143  0.48571429  0.77142857  0.81167945]
 [ 0.82857143  0.48571429  0.81167945  0.66673669  0.37142857  0.82857143
   0.82857143  0.48571429  0.82857143  0.81167945]
 [ 0.82857143  0.25714286  0.81167945  0.66673669  0.25714286  0.71428571
   0.82857143  0.48571429  0.82857143  0.81167945]]

All standard error (by: run iteration, trial number):
[[ 0.03026481  0.05872126  0.04319599  0.03952111  0.06221539  0.06732092
   0.03588841  0.05876732  0.0795991   0.05455081]
 [ 0.02935656  0.06966441  0.03714094  0.04134559  0.06617854  0.07062102
   0.03502923  0.06151588  0.06981667  0.05436061]
 [ 0.03007284  0.05851094  0.04128579  0.04176663  0.07117696  0.06186617
   0.03542934  0.0655726   0.07685752  0.05236232]]

