3 trials ran. 25 simulated people per trial. 20 objects per simulated person.

Average pearson (by: trial number):
[ 0.86710009  0.36218579  0.78739083  0.71331355  0.58554697  0.53603062
  0.83350543  0.67497512  0.82966816  0.88789714]

Average spearman (by: trial number):
[ 0.80952381  0.2952381   0.81167945  0.66673669  0.35238095  0.63809524
  0.82857143  0.46666667  0.86666667  0.81167945]

Average standard error (by: trial number):
[ 0.034645    0.06501865  0.04456951  0.04384856  0.06403246  0.07137643
  0.03813724  0.0650838   0.07741243  0.05854519]

All objects (by: run iteration, oneshot trial, simulated person):
[[[[389, 769, 690, 328, 47, 182, 187, 678, 520, 615, 626, 57, 713, 264, 558, 65, 999, 490, 973, 692], [382, 509, 127, 156, 383, 181, 460, 540, 210, 978, 454, 179, 577, 724, 188, 592, 426, 882, 904, 603], [602, 406, 328, 975, 57, 191, 460, 490, 753, 142, 86, 927, 92, 612, 393, 170, 356, 379, 75, 58], [207, 549, 984, 164, 472, 750, 319, 293, 172, 940, 895, 876, 930, 735, 275, 828, 320, 664, 76, 594], [372, 406, 947, 563, 932, 374, 278, 47, 433, 172, 265, 18, 950, 106, 641, 153, 934, 625, 649, 271], [472, 138, 359, 94, 947, 998, 484, 77, 395, 331, 50, 547, 43, 303, 824, 57, 861, 33, 790, 274], [926, 382, 493, 990, 828, 890, 197, 899, 512, 975, 506, 58, 117, 436, 283, 953, 696, 773, 767, 257], [276, 6, 227, 661, 574, 29, 643, 372, 536, 851, 397, 913, 566, 508, 205, 513, 515, 188, 645, 165], [323, 300, 62, 573, 786, 269, 218, 536, 334, 676, 979, 469, 223, 475, 950, 741, 875, 619, 203, 810], [174, 666, 692, 319, 663, 70, 687, 956, 215, 200, 206, 943, 520, 887, 609, 574, 546, 38, 712, 968], [765, 851, 346, 856, 674, 388, 515, 66, 11, 38, 511, 575, 68, 995, 671, 241, 797, 799, 657, 32], [935, 316, 186, 157, 135, 876, 42, 609, 807, 536, 728, 153, 165, 593, 379, 444, 750, 613, 373, 361], [398, 432, 812, 389, 379, 431, 921, 907, 141, 619, 146, 385, 582, 973, 99, 187, 694, 677, 842, 607], [655, 247, 865, 79, 713, 219, 722, 737, 289, 940, 490, 779, 301, 130, 976, 359, 822, 540, 163, 39], [131, 836, 804, 168, 122, 420, 841, 967, 760, 457, 976, 615, 776, 764, 354, 13, 164, 244, 334, 638], [855, 792, 241, 108, 693, 829, 601, 498, 719, 703, 802, 674, 780, 593, 566, 744, 186, 647, 378, 27], [374, 973, 244, 364, 155, 199, 410, 49, 618, 797, 401, 187, 121, 283, 541, 172, 957, 347, 338, 733], [99, 258, 843, 968, 160, 552, 27, 541, 3, 809, 403, 470, 839, 284, 710, 724, 999, 718, 677, 262], [864, 603, 894, 542, 216, 426, 766, 820, 82, 809, 728, 70, 215, 954, 9, 898, 148, 725, 774, 203], [341, 328, 238, 547, 504, 320, 828, 922, 882, 658, 909, 822, 699, 935, 497, 887, 151, 126, 150, 721], [910, 377, 278, 397, 353, 480, 953, 929, 629, 559, 752, 100, 904, 907, 964, 843, 712, 53, 0, 381], [976, 983, 32, 799, 268, 821, 781, 994, 738, 2, 238, 636, 798, 839, 326, 327, 922, 451, 680, 993], [370, 125, 858, 608, 760, 344, 196, 486, 393, 719, 489, 586, 191, 490, 709, 612, 848, 975, 521, 540], [769, 575, 66, 991, 1, 706, 648, 913, 947, 715, 433, 813, 179, 793, 286, 355, 406, 736, 377, 385], [974, 179, 690, 588, 636, 14, 532, 831, 136, 430, 420, 431, 263, 552, 426, 692, 859, 262, 678, 633]], [[757, 372, 962, 79, 4, 449, 67, 365, 249, 709, 693, 829, 782, 390, 222, 820, 54, 508, 956, 348], [940, 672, 577, 403, 242, 977, 847, 693, 779, 52, 421, 18, 788, 432, 703, 635, 410, 185, 325, 595], [593, 990, 195, 489, 663, 794, 304, 849, 845, 586, 442, 481, 540, 673, 96, 778, 162, 497, 607, 280], [437, 754, 884, 881, 62, 315, 347, 827, 204, 990, 996, 951, 878, 766, 312, 573, 793, 741, 340, 593], [238, 503, 886, 814, 66, 758, 12, 832, 674, 357, 760, 457, 55, 464, 805, 609, 447, 854, 594, 75], [455, 916, 500, 287, 163, 289, 510, 612, 285, 591, 354, 15, 254, 218, 536, 295, 64, 684, 873, 422], [38, 896, 678, 485, 317, 484, 583, 998, 638, 489, 261, 29, 536, 793, 791, 737, 46, 566, 564, 778], [699, 984, 765, 916, 844, 668, 993, 243, 936, 437, 642, 242, 50, 689, 273, 470, 972, 584, 217, 938], [833, 638, 911, 712, 680, 793, 598, 112, 796, 760, 521, 588, 301, 578, 682, 364, 205, 293, 735, 509], [79, 175, 660, 221, 707, 73, 549, 82, 400, 429, 463, 993, 118, 457, 972, 1, 384, 382, 307, 746], [903, 833, 444, 519, 811, 202, 955, 40, 156, 260, 779, 371, 51, 875, 835, 514, 947, 660, 224, 824], [470, 907, 562, 485, 382, 379, 115, 898, 524, 806, 549, 744, 463, 622, 7, 286, 762, 292, 453, 5], [530, 786, 914, 633, 238, 608, 597, 867, 907, 804, 145, 199, 379, 30, 50, 818, 566, 472, 805, 932], [232, 848, 468, 67, 889, 269, 116, 768, 796, 654, 594, 688, 548, 838, 513, 188, 132, 215, 595, 44], [0, 918, 776, 286, 10, 873, 134, 914, 722, 375, 716, 318, 519, 787, 448, 795, 836, 436, 351, 61], [945, 309, 220, 44, 252, 341, 528, 507, 427, 800, 332, 577, 401, 520, 280, 41, 644, 865, 948, 657], [125, 10, 275, 118, 752, 513, 613, 844, 371, 271, 996, 127, 652, 30, 176, 945, 191, 656, 419, 44], [653, 761, 648, 40, 340, 263, 663, 914, 673, 355, 865, 649, 43, 298, 617, 342, 603, 327, 58, 567], [626, 901, 852, 255, 463, 190, 342, 269, 905, 663, 659, 760, 90, 505, 241, 316, 938, 46, 495, 164], [106, 450, 490, 909, 162, 15, 496, 869, 820, 205, 533, 95, 659, 275, 860, 498, 938, 525, 93, 842], [851, 428, 266, 115, 108, 120, 688, 532, 672, 599, 123, 211, 753, 907, 876, 609, 908, 850, 689, 588], [372, 882, 937, 387, 757, 724, 437, 392, 482, 947, 685, 263, 666, 906, 434, 512, 253, 90, 118, 203], [857, 473, 99, 609, 503, 505, 683, 687, 913, 863, 587, 949, 248, 150, 206, 878, 874, 814, 455, 174], [958, 978, 195, 884, 748, 587, 623, 378, 146, 682, 643, 327, 678, 591, 181, 698, 755, 433, 325, 764], [181, 909, 523, 545, 598, 913, 281, 843, 496, 831, 212, 268, 501, 673, 670, 44, 880, 300, 838, 241]], [[664, 804, 542, 776, 151, 6, 633, 116, 634, 674, 530, 343, 702, 456, 510, 120, 521, 676, 935, 59], [387, 496, 990, 985, 550, 263, 681, 304, 455, 373, 881, 612, 896, 135, 258, 587, 439, 359, 351, 653], [805, 822, 345, 744, 763, 223, 183, 452, 117, 385, 534, 708, 719, 429, 993, 248, 639, 324, 801, 195], [22, 857, 579, 146, 402, 753, 949, 464, 992, 92, 101, 724, 741, 537, 877, 339, 969, 16, 468, 792], [770, 309, 620, 322, 399, 172, 711, 148, 453, 115, 882, 881, 776, 913, 816, 285, 595, 801, 313, 324], [132, 894, 635, 790, 557, 624, 351, 196, 847, 17, 245, 886, 179, 167, 665, 227, 828, 531, 287, 689], [468, 413, 750, 677, 159, 717, 418, 824, 807, 638, 882, 288, 411, 362, 942, 776, 361, 129, 520, 682], [312, 228, 841, 24, 859, 77, 740, 14, 275, 969, 539, 537, 500, 839, 849, 497, 406, 952, 794, 863], [477, 479, 960, 264, 116, 334, 363, 32, 478, 695, 757, 564, 417, 637, 595, 790, 19, 624, 27, 102], [882, 282, 605, 151, 982, 783, 250, 888, 786, 812, 323, 121, 645, 281, 405, 691, 39, 833, 427, 738], [663, 940, 158, 179, 561, 314, 514, 395, 865, 94, 232, 542, 245, 568, 366, 776, 24, 258, 972, 764], [360, 847, 102, 861, 87, 549, 238, 838, 324, 708, 589, 757, 303, 185, 747, 672, 936, 61, 802, 858], [965, 431, 755, 875, 468, 845, 792, 880, 326, 778, 947, 74, 679, 726, 937, 847, 87, 119, 887, 959], [918, 767, 908, 904, 400, 754, 341, 190, 444, 257, 761, 831, 316, 403, 925, 137, 536, 72, 563, 553], [258, 997, 391, 571, 472, 504, 840, 394, 221, 774, 311, 180, 853, 975, 384, 449, 680, 154, 696, 146], [325, 726, 764, 468, 26, 27, 514, 121, 735, 710, 786, 442, 227, 116, 945, 329, 105, 384, 577, 283], [210, 412, 281, 927, 946, 957, 148, 351, 371, 655, 147, 89, 482, 162, 590, 104, 455, 888, 86, 14], [87, 509, 756, 879, 122, 440, 618, 786, 689, 225, 181, 157, 268, 105, 349, 472, 652, 190, 627, 738], [145, 801, 556, 382, 375, 224, 409, 750, 719, 333, 371, 553, 203, 398, 729, 616, 519, 488, 847, 397], [162, 395, 766, 576, 916, 414, 313, 427, 331, 953, 490, 199, 519, 738, 636, 230, 932, 409, 515, 599], [117, 431, 730, 353, 784, 956, 612, 420, 330, 494, 689, 597, 225, 508, 536, 190, 314, 740, 779, 735], [308, 80, 774, 213, 29, 559, 173, 755, 194, 704, 636, 290, 885, 584, 523, 896, 596, 417, 442, 401], [612, 169, 695, 540, 644, 14, 470, 384, 846, 473, 842, 257, 686, 465, 57, 627, 207, 701, 624, 967], [142, 783, 153, 412, 881, 598, 579, 97, 285, 125, 172, 378, 372, 602, 367, 386, 60, 522, 318, 801], [59, 16, 878, 182, 612, 622, 968, 141, 605, 58, 407, 172, 604, 652, 184, 733, 18, 674, 255, 88]], [[382, 241, 137, 639, 106, 536, 786, 171, 265, 244, 66, 946, 113, 800, 717, 795, 129, 345, 377, 723], [886, 293, 938, 554, 297, 829, 934, 878, 514, 8, 928, 138, 199, 332, 882, 60, 258, 144, 162, 807], [892, 496, 945, 498, 583, 702, 502, 500, 488, 38, 28, 905, 314, 679, 630, 872, 527, 807, 444, 284], [873, 902, 774, 392, 512, 433, 133, 256, 113, 440, 910, 648, 631, 236, 41, 287, 320, 979, 334, 649], [973, 800, 223, 820, 704, 484, 320, 721, 959, 577, 314, 694, 13, 827, 921, 775, 469, 134, 182, 513], [139, 967, 104, 261, 860, 785, 961, 330, 7, 223, 235, 819, 769, 11, 256, 489, 272, 787, 487, 185], [449, 217, 109, 393, 195, 737, 520, 524, 835, 340, 60, 259, 22, 93, 888, 369, 359, 926, 570, 650], [599, 321, 802, 104, 720, 471, 150, 185, 695, 800, 573, 919, 227, 465, 584, 282, 784, 538, 279, 499], [548, 484, 490, 527, 273, 585, 202, 972, 234, 358, 902, 220, 305, 22, 473, 23, 282, 63, 207, 901], [613, 465, 954, 797, 464, 358, 55, 272, 594, 497, 708, 821, 19, 390, 870, 599, 364, 941, 144, 369], [461, 303, 584, 991, 6, 548, 176, 292, 824, 2, 989, 128, 988, 721, 696, 171, 446, 267, 448, 251], [722, 709, 584, 258, 48, 413, 310, 502, 886, 844, 926, 37, 638, 717, 124, 532, 535, 450, 302, 365], [956, 79, 231, 642, 721, 929, 800, 441, 285, 306, 217, 670, 27, 286, 563, 411, 60, 634, 519, 496], [501, 424, 855, 465, 265, 170, 759, 561, 994, 884, 521, 334, 325, 314, 241, 255, 618, 18, 519, 44], [15, 638, 327, 387, 891, 195, 545, 243, 113, 926, 949, 526, 456, 62, 980, 880, 265, 264, 821, 800], [981, 368, 900, 131, 243, 788, 608, 111, 925, 97, 805, 270, 757, 629, 424, 123, 495, 320, 581, 99], [602, 90, 365, 415, 417, 96, 100, 526, 759, 48, 546, 803, 46, 32, 769, 831, 371, 681, 967, 229], [103, 654, 346, 484, 895, 768, 586, 161, 614, 836, 304, 321, 74, 411, 238, 780, 68, 538, 227, 600], [437, 348, 724, 354, 22, 207, 121, 376, 118, 55, 880, 540, 744, 646, 496, 614, 778, 898, 852, 531], [731, 245, 487, 260, 92, 581, 779, 374, 218, 173, 431, 841, 756, 575, 232, 73, 890, 97, 785, 164], [514, 30, 741, 528, 621, 484, 41, 246, 581, 613, 631, 936, 884, 973, 312, 864, 885, 408, 257, 593], [927, 313, 613, 819, 782, 159, 141, 114, 636, 465, 706, 347, 51, 464, 296, 30, 830, 765, 490, 195], [377, 57, 282, 479, 101, 118, 942, 5, 978, 45, 702, 731, 338, 796, 343, 593, 543, 440, 22, 552], [259, 564, 440, 838, 345, 562, 522, 945, 630, 548, 922, 233, 644, 512, 313, 295, 656, 244, 657, 973], [781, 225, 700, 715, 596, 416, 218, 15, 950, 188, 499, 29, 460, 269, 812, 995, 389, 797, 138, 922]], [[5, 207, 127, 575, 580, 581, 568, 423, 420, 723, 676, 208, 387, 694, 616, 783, 938, 79, 140, 709], [458, 975, 244, 29, 377, 211, 770, 669, 717, 384, 649, 517, 228, 0, 168, 783, 64, 459, 169, 858], [737, 689, 194, 0, 66, 215, 796, 547, 90, 82, 179, 83, 945, 423, 71, 742, 979, 453, 198, 109], [308, 695, 781, 734, 400, 19, 599, 548, 158, 486, 299, 986, 69, 496, 959, 649, 662, 70, 675, 606], [393, 908, 388, 595, 112, 507, 831, 972, 451, 196, 589, 693, 696, 485, 295, 970, 769, 259, 106, 453], [218, 901, 767, 834, 158, 551, 28, 917, 195, 105, 467, 794, 587, 514, 774, 126, 548, 4, 818, 582], [898, 838, 790, 214, 974, 328, 794, 72, 111, 529, 593, 802, 373, 151, 284, 963, 399, 845, 735, 853], [275, 367, 885, 56, 830, 741, 446, 220, 429, 11, 96, 35, 472, 13, 621, 730, 243, 755, 892, 868], [973, 909, 951, 302, 172, 740, 90, 548, 806, 663, 984, 933, 171, 395, 616, 436, 56, 834, 960, 900], [534, 921, 83, 778, 105, 120, 730, 867, 104, 793, 683, 489, 294, 547, 53, 387, 169, 139, 176, 887], [372, 422, 78, 635, 395, 549, 570, 648, 339, 762, 575, 122, 430, 362, 512, 259, 829, 374, 436, 870], [908, 161, 203, 783, 43, 807, 584, 961, 318, 280, 707, 519, 299, 880, 145, 691, 46, 622, 425, 148], [634, 252, 823, 514, 471, 457, 702, 804, 23, 34, 162, 299, 331, 357, 102, 395, 947, 134, 430, 14], [839, 90, 118, 217, 830, 362, 679, 619, 349, 191, 470, 842, 254, 466, 910, 753, 189, 280, 68, 317], [691, 477, 446, 17, 708, 274, 186, 580, 638, 403, 349, 941, 946, 376, 873, 737, 715, 522, 417, 95], [541, 953, 700, 508, 667, 899, 165, 597, 873, 948, 71, 855, 415, 171, 11, 627, 756, 794, 39, 414], [185, 199, 789, 347, 526, 617, 763, 579, 467, 867, 786, 931, 94, 420, 888, 842, 583, 77, 417, 316], [771, 405, 407, 878, 6, 154, 422, 506, 12, 628, 845, 514, 258, 385, 517, 429, 248, 644, 961, 448], [710, 210, 757, 172, 561, 398, 202, 865, 679, 237, 898, 998, 433, 307, 669, 860, 779, 827, 150, 272], [506, 684, 869, 397, 284, 492, 50, 407, 225, 863, 256, 340, 570, 237, 765, 667, 781, 938, 675, 645], [369, 120, 412, 747, 244, 770, 526, 780, 442, 470, 904, 304, 719, 133, 801, 676, 418, 447, 119, 879], [807, 566, 123, 313, 586, 505, 742, 116, 887, 642, 704, 10, 217, 996, 452, 650, 81, 552, 68, 799], [399, 455, 334, 536, 824, 785, 940, 488, 714, 158, 873, 505, 977, 251, 511, 169, 353, 669, 117, 934], [391, 968, 965, 277, 614, 30, 548, 946, 358, 422, 314, 672, 856, 516, 467, 318, 364, 290, 173, 674], [793, 313, 300, 911, 176, 863, 5, 128, 56, 910, 457, 935, 747, 867, 108, 378, 156, 714, 394, 782]], [[165, 335, 500, 821, 959, 965, 321, 586, 310, 643, 551, 84, 200, 56, 400, 661, 549, 172, 684, 261], [876, 16, 922, 850, 819, 544, 212, 135, 708, 909, 686, 780, 223, 162, 991, 932, 778, 553, 10, 888], [874, 95, 88, 154, 233, 937, 61, 194, 316, 811, 795, 91, 471, 722, 178, 559, 180, 637, 58, 555], [325, 678, 912, 834, 920, 316, 519, 67, 472, 200, 327, 241, 158, 538, 470, 320, 502, 569, 876, 452], [521, 368, 454, 381, 782, 12, 310, 651, 706, 471, 786, 528, 707, 412, 296, 893, 2, 74, 961, 928], [982, 349, 633, 656, 476, 931, 206, 245, 874, 45, 73, 11, 486, 819, 654, 85, 377, 207, 494, 841], [412, 429, 102, 770, 210, 181, 71, 913, 859, 870, 73, 431, 471, 387, 171, 621, 799, 893, 283, 544], [636, 371, 417, 823, 0, 519, 882, 624, 623, 480, 88, 910, 608, 808, 14, 489, 1, 99, 837, 953], [81, 767, 314, 658, 421, 926, 981, 925, 954, 876, 496, 461, 225, 305, 374, 21, 327, 502, 812, 529], [907, 560, 731, 965, 860, 186, 645, 276, 844, 30, 557, 105, 300, 127, 313, 580, 385, 188, 913, 881], [50, 666, 299, 639, 429, 354, 959, 791, 457, 178, 310, 428, 713, 235, 293, 900, 890, 239, 384, 125], [199, 455, 517, 135, 603, 93, 619, 913, 440, 989, 977, 559, 71, 641, 656, 772, 188, 971, 292, 415], [683, 862, 61, 74, 810, 279, 345, 152, 399, 25, 121, 762, 395, 170, 443, 100, 283, 43, 533, 405], [241, 527, 309, 979, 785, 474, 554, 946, 130, 352, 334, 636, 666, 90, 816, 709, 278, 226, 279, 160], [933, 141, 869, 424, 917, 609, 559, 467, 730, 311, 254, 699, 550, 119, 446, 612, 520, 357, 36, 140], [750, 716, 271, 748, 523, 46, 820, 257, 651, 845, 304, 737, 388, 131, 437, 509, 892, 959, 453, 888], [864, 895, 469, 921, 417, 652, 562, 648, 969, 1, 388, 256, 676, 192, 782, 177, 789, 380, 478, 650], [656, 562, 386, 586, 687, 744, 323, 168, 410, 928, 199, 293, 859, 657, 15, 832, 588, 897, 43, 12], [121, 745, 805, 150, 815, 40, 713, 845, 18, 813, 106, 264, 798, 360, 210, 780, 58, 441, 99, 107], [333, 525, 563, 492, 553, 934, 97, 940, 121, 561, 38, 424, 433, 315, 759, 397, 477, 907, 968, 613], [147, 985, 728, 184, 498, 268, 432, 588, 59, 486, 161, 680, 872, 424, 706, 796, 68, 77, 63, 873], [602, 103, 490, 465, 518, 659, 148, 431, 475, 721, 903, 755, 348, 615, 308, 537, 835, 934, 757, 521], [382, 560, 927, 460, 18, 83, 791, 540, 789, 706, 673, 406, 175, 441, 471, 178, 368, 33, 953, 908], [673, 952, 624, 136, 461, 616, 594, 795, 751, 439, 283, 353, 688, 307, 500, 796, 237, 492, 714, 686], [520, 972, 811, 643, 102, 426, 983, 201, 248, 673, 40, 864, 667, 75, 146, 532, 314, 735, 932, 356]], [[741, 328, 750, 28, 182, 274, 131, 981, 209, 172, 175, 417, 65, 685, 675, 746, 253, 520, 713, 220], [467, 735, 442, 37, 901, 513, 869, 851, 623, 898, 431, 993, 552, 478, 715, 510, 278, 716, 622, 30], [162, 440, 751, 457, 826, 175, 422, 6, 592, 46, 847, 700, 672, 287, 24, 380, 89, 528, 322, 439], [780, 78, 353, 244, 345, 921, 168, 556, 877, 126, 650, 942, 539, 581, 238, 194, 11, 338, 839, 359], [943, 825, 964, 685, 264, 293, 680, 211, 287, 14, 174, 359, 963, 205, 498, 100, 367, 603, 223, 479], [399, 905, 224, 241, 372, 805, 672, 444, 377, 272, 412, 973, 754, 105, 499, 454, 522, 329, 537, 207], [30, 930, 839, 593, 354, 499, 457, 175, 957, 576, 901, 351, 137, 746, 544, 200, 376, 639, 283, 660], [392, 211, 11, 906, 543, 936, 852, 144, 750, 637, 101, 378, 417, 627, 106, 182, 857, 368, 692, 61], [819, 186, 623, 237, 818, 435, 808, 723, 711, 358, 288, 880, 887, 399, 515, 467, 625, 695, 133, 455], [652, 647, 549, 830, 534, 35, 216, 498, 444, 913, 129, 36, 701, 93, 345, 758, 803, 731, 978, 358], [60, 623, 805, 764, 409, 669, 578, 270, 885, 398, 137, 819, 942, 974, 483, 968, 716, 281, 224, 528], [154, 820, 945, 298, 733, 629, 562, 42, 686, 740, 412, 680, 95, 189, 586, 371, 845, 783, 782, 228], [634, 79, 900, 489, 518, 562, 451, 551, 672, 227, 617, 849, 180, 820, 138, 658, 769, 362, 33, 152], [34, 16, 425, 20, 228, 845, 541, 414, 984, 800, 283, 74, 968, 26, 490, 339, 335, 78, 135, 600], [809, 719, 891, 733, 58, 50, 84, 433, 652, 690, 840, 248, 402, 980, 998, 876, 938, 42, 336, 626], [728, 516, 269, 399, 781, 837, 892, 814, 777, 501, 155, 975, 862, 481, 143, 343, 683, 573, 357, 767], [798, 568, 740, 724, 174, 86, 404, 686, 127, 865, 536, 615, 951, 145, 29, 564, 864, 158, 756, 163], [497, 722, 211, 835, 917, 397, 416, 968, 744, 665, 521, 683, 647, 13, 242, 817, 627, 355, 643, 405], [558, 484, 302, 577, 307, 242, 931, 234, 414, 950, 827, 770, 29, 622, 695, 816, 945, 909, 536, 368], [957, 327, 652, 430, 762, 916, 895, 478, 780, 588, 333, 963, 614, 882, 587, 223, 580, 691, 628, 606], [657, 968, 275, 331, 206, 719, 740, 918, 461, 815, 354, 497, 864, 641, 808, 362, 804, 944, 262, 507], [89, 223, 382, 710, 810, 505, 175, 924, 706, 865, 46, 26, 792, 108, 391, 807, 269, 398, 418, 381], [907, 982, 485, 773, 923, 145, 431, 451, 843, 555, 190, 357, 397, 746, 536, 579, 747, 361, 523, 764], [73, 770, 836, 490, 992, 249, 120, 406, 723, 996, 39, 405, 30, 385, 129, 433, 125, 816, 487, 897], [907, 165, 954, 443, 149, 676, 462, 36, 835, 543, 227, 48, 816, 284, 810, 686, 424, 193, 627, 407]], [[576, 624, 19, 785, 627, 987, 525, 107, 177, 879, 149, 271, 844, 214, 919, 139, 343, 951, 475, 935], [350, 62, 60, 917, 997, 565, 948, 229, 591, 503, 896, 289, 962, 150, 204, 500, 377, 416, 882, 651], [476, 19, 513, 567, 880, 553, 669, 154, 93, 51, 960, 92, 821, 177, 194, 386, 796, 245, 902, 541], [515, 903, 438, 486, 655, 602, 161, 501, 208, 166, 548, 871, 855, 713, 839, 788, 728, 765, 111, 43], [536, 474, 895, 412, 559, 366, 912, 616, 522, 195, 964, 927, 505, 934, 153, 241, 460, 909, 159, 36], [71, 958, 746, 821, 747, 979, 0, 224, 145, 2, 315, 884, 597, 988, 46, 141, 592, 872, 162, 599], [712, 167, 67, 764, 94, 869, 195, 406, 806, 487, 840, 689, 222, 201, 896, 586, 916, 973, 922, 518], [401, 281, 417, 330, 17, 387, 169, 258, 837, 276, 260, 573, 555, 130, 874, 503, 847, 998, 927, 583], [293, 621, 333, 797, 516, 579, 945, 331, 961, 91, 820, 522, 535, 155, 855, 812, 674, 271, 425, 974], [970, 677, 85, 656, 448, 620, 582, 366, 825, 980, 361, 214, 242, 336, 869, 780, 824, 950, 126, 695], [230, 158, 895, 216, 575, 695, 44, 329, 656, 976, 753, 970, 885, 483, 360, 983, 507, 548, 817, 832], [935, 789, 203, 406, 628, 61, 887, 651, 671, 479, 542, 827, 198, 795, 949, 948, 855, 374, 554, 700], [214, 96, 823, 844, 345, 923, 405, 173, 88, 376, 234, 380, 39, 553, 111, 509, 920, 106, 992, 848], [103, 728, 441, 526, 513, 792, 560, 401, 693, 228, 420, 826, 52, 389, 775, 355, 942, 750, 77, 850], [245, 593, 589, 271, 837, 277, 321, 905, 988, 36, 923, 667, 826, 708, 799, 377, 958, 673, 414, 318], [520, 730, 548, 183, 66, 23, 319, 890, 381, 459, 604, 550, 281, 392, 442, 368, 38, 934, 295, 853], [360, 475, 983, 417, 259, 709, 441, 888, 303, 718, 596, 608, 304, 968, 376, 790, 126, 218, 828, 842], [965, 265, 685, 120, 342, 521, 242, 641, 742, 207, 407, 608, 519, 406, 548, 899, 139, 935, 629, 574], [414, 877, 54, 619, 940, 96, 711, 710, 315, 610, 573, 741, 475, 81, 173, 816, 70, 13, 883, 767], [986, 886, 418, 969, 967, 931, 738, 305, 401, 669, 875, 336, 823, 852, 23, 91, 216, 990, 843, 66], [761, 98, 136, 227, 488, 540, 9, 487, 135, 497, 390, 177, 820, 986, 465, 106, 184, 375, 766, 39], [107, 708, 563, 554, 211, 166, 61, 313, 999, 894, 634, 420, 726, 25, 883, 656, 517, 138, 511, 876], [259, 344, 449, 534, 123, 701, 397, 13, 531, 206, 310, 441, 483, 577, 799, 990, 322, 791, 551, 523], [312, 589, 768, 381, 977, 611, 593, 867, 411, 781, 369, 176, 481, 664, 725, 845, 444, 806, 774, 901], [276, 18, 253, 100, 766, 850, 786, 284, 814, 554, 648, 492, 576, 16, 56, 621, 106, 422, 365, 761]], [[750, 325, 150, 19, 6, 692, 260, 135, 164, 454, 99, 455, 785, 578, 367, 948, 159, 523, 975, 301], [584, 451, 626, 960, 153, 688, 158, 319, 317, 57, 235, 291, 244, 675, 395, 165, 367, 327, 423, 791], [153, 375, 523, 750, 488, 99, 603, 288, 464, 133, 935, 684, 272, 86, 829, 678, 237, 542, 992, 136], [858, 148, 215, 194, 677, 545, 873, 709, 0, 649, 869, 393, 436, 813, 560, 791, 495, 268, 676, 57], [435, 216, 907, 122, 99, 180, 593, 426, 524, 296, 824, 386, 441, 717, 603, 129, 809, 837, 761, 340], [443, 15, 406, 916, 945, 833, 277, 380, 263, 915, 359, 249, 759, 974, 580, 318, 296, 532, 472, 257], [904, 566, 675, 958, 243, 821, 581, 304, 789, 739, 923, 604, 537, 781, 717, 281, 567, 370, 332, 20], [425, 101, 594, 951, 180, 981, 223, 656, 176, 378, 253, 354, 465, 505, 765, 447, 552, 237, 777, 818], [308, 593, 946, 961, 356, 463, 93, 32, 86, 340, 917, 109, 256, 425, 423, 500, 502, 342, 622, 732], [952, 565, 369, 682, 589, 357, 642, 935, 175, 476, 145, 162, 445, 249, 703, 454, 264, 168, 124, 843], [882, 218, 472, 839, 203, 748, 980, 554, 243, 146, 500, 706, 688, 248, 215, 565, 691, 753, 344, 71], [837, 935, 634, 66, 757, 784, 913, 877, 759, 471, 56, 595, 29, 588, 176, 397, 585, 559, 631, 735], [385, 802, 679, 810, 17, 572, 780, 691, 682, 325, 110, 921, 818, 425, 155, 405, 795, 169, 788, 852], [19, 669, 530, 730, 671, 330, 597, 514, 916, 394, 971, 977, 740, 860, 553, 329, 432, 640, 673, 493], [54, 156, 621, 281, 482, 904, 195, 118, 225, 790, 464, 83, 368, 440, 948, 818, 775, 980, 296, 502], [626, 789, 583, 811, 809, 55, 539, 639, 799, 51, 291, 642, 632, 913, 835, 952, 264, 339, 211, 848], [583, 144, 770, 619, 527, 1, 337, 416, 423, 656, 674, 36, 334, 907, 760, 73, 84, 569, 450, 151], [353, 640, 283, 343, 766, 412, 987, 934, 326, 692, 98, 562, 162, 780, 204, 270, 474, 243, 271, 595], [201, 839, 676, 195, 331, 8, 897, 986, 231, 872, 653, 256, 126, 366, 690, 360, 83, 332, 127, 407], [72, 280, 659, 469, 26, 544, 588, 933, 423, 801, 51, 940, 169, 915, 865, 360, 570, 525, 456, 107], [283, 198, 658, 10, 856, 771, 90, 995, 75, 651, 992, 507, 751, 284, 989, 205, 78, 740, 974, 748], [687, 981, 896, 726, 3, 447, 736, 31, 529, 498, 66, 123, 55, 581, 396, 676, 916, 260, 294, 43], [861, 801, 54, 437, 998, 799, 101, 349, 980, 847, 834, 666, 321, 353, 401, 599, 729, 905, 444, 587], [132, 562, 970, 292, 473, 648, 932, 481, 24, 928, 477, 803, 30, 919, 724, 301, 483, 987, 922, 480], [125, 822, 599, 475, 449, 942, 560, 555, 967, 419, 51, 166, 393, 63, 335, 176, 401, 959, 681, 808]], [[474, 479, 40, 441, 472, 548, 805, 764, 201, 98, 308, 509, 60, 627, 748, 795, 883, 591, 242, 768], [990, 281, 706, 536, 593, 587, 210, 909, 402, 972, 705, 937, 54, 329, 161, 667, 934, 806, 34, 209], [817, 771, 2, 989, 88, 342, 798, 244, 308, 14, 516, 788, 923, 915, 565, 971, 612, 68, 199, 73], [27, 722, 559, 138, 141, 792, 677, 432, 684, 701, 592, 324, 998, 506, 545, 822, 235, 192, 79, 411], [530, 38, 327, 554, 570, 114, 841, 887, 882, 176, 703, 233, 751, 324, 721, 41, 74, 642, 621, 316], [384, 290, 540, 560, 491, 173, 706, 289, 964, 128, 15, 298, 744, 275, 636, 595, 790, 535, 976, 73], [149, 890, 892, 747, 93, 664, 504, 321, 963, 617, 349, 631, 360, 104, 750, 548, 108, 456, 314, 655], [263, 573, 994, 326, 47, 283, 566, 745, 937, 136, 896, 854, 436, 622, 364, 264, 568, 755, 855, 484], [759, 967, 539, 497, 90, 401, 484, 500, 886, 400, 846, 476, 76, 806, 570, 823, 628, 735, 631, 155], [74, 227, 894, 864, 29, 974, 346, 492, 438, 826, 36, 759, 209, 774, 210, 542, 388, 440, 45, 312], [381, 397, 40, 237, 884, 748, 248, 812, 541, 55, 939, 499, 757, 142, 516, 653, 613, 697, 347, 936], [517, 191, 954, 574, 75, 310, 836, 371, 579, 341, 64, 745, 677, 55, 466, 950, 755, 14, 342, 6], [467, 678, 961, 211, 19, 280, 286, 311, 469, 897, 38, 742, 560, 252, 25, 370, 139, 964, 542, 913], [249, 382, 520, 867, 166, 346, 771, 724, 379, 404, 88, 152, 137, 331, 540, 898, 821, 219, 849, 289], [175, 843, 33, 511, 91, 846, 258, 71, 590, 377, 632, 543, 545, 378, 508, 523, 221, 796, 225, 879], [648, 210, 702, 727, 142, 822, 987, 510, 67, 744, 116, 693, 528, 726, 220, 938, 283, 912, 244, 27], [833, 195, 552, 354, 213, 983, 700, 138, 508, 391, 263, 360, 416, 933, 438, 915, 974, 997, 601, 945], [920, 944, 4, 181, 726, 631, 279, 130, 801, 342, 945, 390, 988, 173, 502, 577, 42, 58, 440, 252], [251, 36, 152, 8, 815, 396, 12, 691, 167, 204, 362, 633, 916, 503, 923, 884, 123, 588, 409, 401], [93, 167, 533, 201, 486, 712, 745, 930, 23, 865, 602, 465, 698, 927, 501, 374, 743, 73, 895, 703], [696, 563, 709, 506, 249, 925, 62, 183, 66, 11, 19, 931, 851, 880, 781, 88, 570, 749, 509, 555], [34, 133, 384, 819, 417, 455, 366, 629, 338, 221, 825, 266, 596, 843, 525, 731, 736, 718, 707, 671], [240, 534, 511, 97, 664, 928, 389, 106, 981, 270, 886, 605, 564, 681, 890, 168, 5, 966, 985, 438], [819, 802, 355, 163, 846, 372, 159, 98, 62, 987, 227, 54, 123, 932, 247, 829, 652, 785, 532, 128], [998, 158, 739, 525, 287, 947, 896, 646, 483, 914, 171, 707, 670, 652, 367, 887, 68, 828, 432, 906]]], [[[29, 38, 997, 380, 947, 151, 814, 367, 931, 807, 407, 402, 135, 361, 131, 725, 76, 435, 977, 465], [101, 242, 384, 885, 741, 820, 234, 460, 627, 560, 156, 822, 793, 139, 684, 312, 247, 107, 906, 241], [238, 329, 970, 779, 128, 95, 734, 877, 442, 323, 732, 562, 982, 538, 775, 671, 794, 531, 393, 516], [955, 172, 2, 881, 250, 163, 125, 404, 74, 28, 446, 76, 989, 119, 370, 268, 699, 349, 509, 647], [428, 682, 111, 467, 235, 623, 308, 883, 11, 400, 71, 90, 414, 256, 919, 543, 194, 364, 888, 478], [783, 974, 385, 464, 939, 490, 627, 72, 485, 862, 229, 455, 137, 978, 168, 337, 874, 681, 77, 529], [593, 161, 727, 134, 723, 534, 680, 139, 413, 550, 236, 7, 248, 267, 965, 476, 568, 422, 183, 138], [766, 186, 116, 661, 383, 563, 663, 944, 76, 831, 509, 241, 249, 134, 340, 633, 468, 958, 758, 204], [539, 445, 697, 206, 319, 619, 258, 390, 968, 247, 742, 828, 408, 320, 14, 721, 237, 392, 124, 103], [238, 224, 405, 218, 458, 961, 601, 948, 840, 637, 610, 935, 626, 189, 553, 122, 260, 971, 104, 5], [601, 929, 377, 979, 787, 179, 651, 432, 877, 605, 234, 805, 70, 202, 910, 922, 566, 147, 972, 629], [148, 74, 210, 408, 491, 14, 650, 760, 338, 69, 136, 943, 674, 501, 138, 836, 253, 124, 356, 896], [346, 607, 91, 925, 198, 950, 499, 560, 398, 206, 223, 469, 443, 503, 761, 239, 268, 78, 890, 134], [89, 937, 353, 994, 816, 222, 722, 780, 746, 893, 952, 779, 290, 980, 195, 597, 200, 747, 309, 189], [631, 716, 725, 682, 896, 537, 360, 366, 885, 993, 970, 695, 599, 653, 488, 902, 38, 230, 439, 932], [548, 252, 712, 723, 407, 301, 398, 652, 116, 387, 84, 511, 948, 617, 822, 990, 72, 353, 94, 488], [144, 227, 957, 238, 928, 954, 201, 445, 950, 492, 434, 612, 82, 817, 211, 390, 267, 150, 993, 647], [727, 283, 908, 243, 547, 793, 611, 424, 609, 707, 245, 962, 573, 992, 493, 346, 292, 958, 265, 537], [697, 500, 677, 989, 674, 324, 45, 70, 891, 255, 116, 645, 218, 6, 512, 196, 295, 92, 121, 464], [981, 489, 653, 62, 419, 333, 568, 985, 320, 843, 594, 558, 867, 670, 879, 411, 309, 890, 415, 135], [798, 249, 214, 428, 559, 897, 916, 302, 955, 638, 266, 458, 223, 426, 774, 734, 650, 280, 736, 604], [229, 636, 939, 706, 758, 554, 469, 971, 620, 581, 136, 205, 382, 85, 833, 98, 201, 147, 455, 365], [119, 800, 355, 82, 140, 167, 779, 197, 245, 39, 828, 139, 100, 889, 618, 199, 282, 659, 435, 600], [583, 825, 493, 9, 313, 183, 738, 501, 810, 606, 414, 241, 797, 796, 387, 423, 542, 960, 884, 349], [782, 92, 734, 894, 93, 179, 225, 506, 934, 659, 684, 759, 643, 348, 998, 155, 799, 300, 524, 186]], [[92, 19, 839, 373, 80, 589, 729, 322, 993, 694, 685, 856, 877, 965, 248, 879, 922, 234, 731, 115], [620, 822, 360, 673, 167, 938, 715, 0, 523, 428, 445, 280, 351, 753, 756, 839, 713, 568, 477, 286], [135, 410, 907, 102, 77, 532, 716, 326, 469, 220, 664, 142, 522, 14, 727, 30, 721, 769, 297, 149], [393, 718, 180, 229, 113, 503, 533, 836, 315, 802, 742, 688, 622, 706, 488, 181, 408, 387, 591, 949], [50, 491, 118, 387, 630, 213, 820, 579, 258, 921, 682, 402, 767, 724, 314, 573, 931, 831, 414, 732], [327, 70, 396, 562, 691, 874, 912, 922, 512, 936, 135, 791, 260, 227, 433, 68, 295, 624, 893, 542], [775, 478, 296, 806, 362, 570, 702, 862, 157, 778, 679, 594, 811, 453, 927, 449, 363, 769, 361, 343], [906, 870, 188, 769, 693, 249, 403, 371, 753, 70, 625, 950, 714, 539, 677, 634, 132, 332, 331, 683], [868, 270, 632, 83, 91, 680, 678, 144, 58, 627, 56, 535, 43, 739, 957, 123, 15, 910, 571, 841], [918, 780, 925, 178, 691, 793, 490, 36, 292, 266, 103, 962, 667, 833, 852, 333, 767, 454, 319, 731], [282, 481, 788, 453, 950, 751, 805, 686, 144, 192, 399, 786, 498, 642, 717, 584, 800, 740, 315, 418], [475, 831, 241, 248, 8, 202, 221, 917, 355, 679, 957, 209, 21, 134, 565, 112, 332, 170, 159, 673], [361, 737, 410, 864, 537, 311, 215, 482, 284, 685, 703, 7, 353, 274, 259, 81, 967, 488, 521, 512], [68, 759, 853, 3, 52, 657, 372, 17, 307, 591, 118, 349, 890, 731, 756, 492, 686, 782, 735, 96], [590, 711, 555, 576, 88, 761, 281, 60, 925, 449, 490, 427, 586, 424, 862, 8, 882, 606, 32, 270], [239, 185, 418, 733, 52, 35, 641, 993, 48, 640, 921, 597, 451, 958, 19, 992, 996, 15, 172, 9], [939, 332, 661, 277, 859, 515, 652, 988, 389, 650, 896, 418, 103, 829, 21, 84, 895, 17, 567, 673], [225, 837, 376, 167, 513, 134, 538, 846, 367, 865, 391, 218, 744, 30, 381, 857, 156, 904, 617, 518], [909, 726, 479, 601, 846, 728, 558, 920, 648, 590, 170, 576, 325, 902, 260, 163, 332, 252, 474, 904], [28, 799, 68, 809, 714, 703, 162, 585, 104, 172, 322, 79, 553, 744, 826, 563, 228, 372, 893, 376], [730, 514, 787, 174, 138, 867, 385, 503, 802, 191, 39, 855, 452, 919, 823, 303, 848, 269, 578, 942], [901, 425, 400, 452, 53, 184, 365, 856, 662, 871, 241, 35, 840, 297, 560, 373, 610, 54, 680, 34], [239, 438, 553, 976, 478, 924, 68, 430, 227, 238, 841, 792, 528, 763, 727, 381, 337, 670, 266, 632], [569, 208, 608, 675, 452, 394, 303, 517, 61, 149, 684, 266, 238, 742, 279, 111, 646, 756, 182, 139], [527, 47, 575, 411, 494, 742, 601, 2, 950, 116, 540, 817, 778, 775, 67, 485, 863, 591, 421, 209]], [[360, 993, 254, 997, 295, 178, 881, 227, 110, 256, 211, 859, 352, 861, 945, 250, 479, 634, 349, 969], [667, 272, 670, 194, 133, 802, 320, 235, 515, 557, 671, 168, 533, 371, 540, 486, 821, 293, 119, 117], [141, 153, 694, 483, 932, 645, 975, 372, 29, 849, 530, 416, 204, 60, 889, 567, 819, 938, 14, 345], [152, 389, 194, 963, 418, 612, 432, 649, 282, 991, 488, 480, 723, 914, 347, 741, 34, 920, 534, 831], [23, 614, 955, 73, 434, 789, 380, 65, 335, 575, 91, 970, 29, 795, 5, 742, 394, 576, 322, 865], [329, 666, 638, 170, 774, 700, 669, 458, 602, 462, 845, 825, 758, 803, 73, 325, 587, 12, 574, 838], [667, 253, 93, 401, 724, 947, 766, 352, 957, 559, 842, 62, 837, 3, 788, 478, 524, 484, 323, 754], [218, 628, 501, 874, 813, 648, 10, 583, 975, 246, 519, 703, 680, 165, 542, 17, 811, 44, 869, 354], [71, 569, 336, 130, 678, 814, 947, 301, 43, 551, 5, 83, 105, 137, 783, 425, 782, 839, 460, 901], [287, 467, 64, 57, 269, 449, 396, 671, 852, 500, 689, 233, 604, 330, 804, 242, 714, 498, 306, 52], [659, 265, 457, 959, 685, 218, 312, 911, 436, 74, 402, 999, 774, 154, 183, 279, 874, 393, 770, 739], [136, 89, 877, 49, 201, 210, 366, 875, 617, 970, 495, 197, 737, 535, 567, 435, 212, 925, 820, 135], [861, 889, 995, 87, 231, 546, 542, 75, 793, 784, 718, 144, 736, 673, 848, 975, 305, 777, 988, 230], [450, 79, 927, 777, 324, 297, 438, 340, 421, 0, 364, 247, 570, 615, 571, 280, 675, 658, 449, 425], [26, 375, 829, 872, 232, 171, 25, 318, 439, 313, 422, 850, 369, 74, 745, 12, 261, 32, 980, 821], [107, 904, 217, 18, 272, 677, 3, 22, 384, 935, 195, 280, 926, 35, 426, 273, 406, 857, 236, 862], [720, 517, 753, 329, 524, 142, 317, 496, 270, 878, 530, 373, 626, 271, 262, 203, 136, 235, 242, 848], [643, 961, 833, 158, 774, 61, 491, 998, 565, 581, 589, 722, 667, 220, 339, 600, 498, 785, 381, 869], [958, 218, 946, 864, 355, 467, 65, 562, 114, 865, 892, 840, 368, 587, 597, 324, 948, 366, 167, 622], [99, 343, 305, 65, 371, 973, 754, 756, 432, 898, 668, 38, 945, 518, 939, 698, 409, 599, 142, 927], [283, 234, 885, 464, 62, 290, 586, 260, 611, 673, 811, 551, 332, 433, 32, 908, 66, 787, 188, 163], [871, 221, 91, 322, 481, 683, 467, 137, 758, 818, 781, 27, 489, 223, 564, 535, 939, 195, 120, 510], [915, 950, 46, 353, 284, 56, 551, 905, 363, 232, 902, 931, 121, 233, 586, 888, 436, 601, 416, 371], [511, 443, 909, 549, 607, 764, 446, 661, 274, 160, 521, 288, 131, 285, 767, 758, 545, 447, 621, 818], [695, 136, 128, 844, 616, 148, 299, 727, 890, 364, 46, 44, 541, 734, 575, 235, 60, 93, 351, 710]], [[959, 154, 855, 907, 305, 468, 790, 409, 400, 967, 83, 65, 372, 568, 892, 151, 725, 497, 504, 500], [794, 174, 265, 469, 992, 670, 290, 309, 744, 4, 892, 527, 571, 508, 660, 978, 382, 599, 95, 466], [173, 454, 388, 250, 225, 876, 538, 932, 775, 58, 810, 75, 830, 2, 282, 874, 444, 762, 966, 370], [331, 617, 120, 815, 394, 770, 685, 149, 326, 419, 454, 679, 484, 433, 846, 850, 821, 893, 82, 257], [655, 86, 943, 941, 472, 460, 794, 724, 747, 656, 334, 889, 438, 750, 906, 900, 168, 630, 159, 233], [233, 595, 510, 608, 281, 798, 191, 186, 574, 829, 907, 96, 166, 947, 997, 883, 758, 769, 70, 103], [415, 956, 841, 680, 137, 963, 523, 371, 691, 368, 622, 72, 708, 951, 686, 136, 299, 73, 629, 247], [699, 485, 289, 915, 797, 525, 407, 708, 649, 795, 827, 852, 302, 991, 816, 222, 835, 981, 770, 687], [50, 786, 569, 416, 612, 908, 478, 268, 745, 398, 983, 845, 521, 291, 522, 691, 90, 632, 247, 316], [861, 469, 856, 588, 38, 847, 343, 347, 180, 106, 360, 68, 571, 138, 795, 60, 620, 477, 741, 177], [381, 181, 881, 909, 667, 890, 245, 320, 664, 260, 304, 442, 338, 414, 98, 803, 572, 343, 875, 129], [611, 607, 973, 223, 670, 806, 935, 541, 699, 304, 85, 234, 0, 488, 89, 667, 383, 886, 417, 470], [494, 563, 456, 881, 189, 514, 201, 918, 265, 680, 872, 473, 394, 711, 449, 197, 491, 131, 768, 435], [597, 308, 713, 758, 873, 236, 331, 827, 456, 270, 392, 762, 951, 296, 429, 982, 488, 145, 779, 668], [246, 477, 206, 693, 324, 773, 762, 408, 358, 807, 289, 420, 374, 538, 350, 894, 339, 898, 857, 157], [843, 961, 899, 981, 108, 64, 53, 304, 330, 976, 65, 621, 500, 311, 13, 222, 309, 752, 407, 326], [363, 17, 929, 39, 870, 457, 122, 933, 209, 402, 420, 583, 598, 483, 754, 721, 317, 69, 643, 824], [438, 571, 303, 8, 767, 31, 413, 50, 923, 590, 435, 77, 793, 176, 798, 78, 575, 645, 605, 324], [6, 738, 363, 395, 546, 963, 565, 965, 540, 75, 74, 545, 465, 267, 166, 773, 893, 385, 703, 892], [831, 274, 328, 874, 348, 109, 190, 144, 981, 865, 937, 175, 894, 494, 656, 890, 38, 202, 535, 703], [852, 351, 710, 868, 404, 443, 732, 783, 72, 326, 785, 529, 416, 987, 730, 113, 997, 18, 69, 831], [821, 588, 350, 792, 247, 601, 921, 561, 610, 483, 910, 698, 82, 885, 76, 555, 72, 159, 699, 802], [795, 810, 627, 100, 308, 912, 815, 821, 530, 798, 439, 263, 99, 685, 988, 470, 906, 869, 931, 696], [225, 169, 342, 869, 450, 876, 390, 945, 554, 719, 14, 983, 265, 474, 902, 164, 84, 721, 982, 974], [87, 595, 467, 723, 586, 482, 12, 123, 215, 162, 204, 109, 951, 675, 779, 762, 160, 737, 754, 266]], [[365, 391, 334, 61, 743, 45, 790, 758, 679, 21, 544, 656, 415, 708, 2, 824, 571, 885, 794, 332], [978, 334, 281, 685, 844, 275, 224, 531, 953, 185, 78, 611, 645, 549, 588, 706, 478, 173, 552, 437], [776, 197, 777, 918, 892, 630, 895, 423, 638, 636, 90, 899, 820, 830, 614, 81, 501, 459, 94, 686], [68, 785, 745, 419, 197, 359, 603, 240, 414, 284, 823, 647, 982, 951, 894, 967, 436, 138, 918, 22], [433, 519, 339, 256, 764, 34, 282, 971, 613, 765, 553, 386, 410, 374, 811, 898, 438, 123, 605, 366], [150, 597, 759, 318, 149, 614, 123, 302, 7, 727, 945, 512, 998, 361, 862, 521, 418, 317, 147, 442], [156, 941, 247, 800, 214, 47, 105, 509, 859, 487, 643, 416, 907, 771, 755, 360, 445, 817, 831, 274], [679, 534, 992, 471, 97, 498, 664, 131, 527, 206, 53, 695, 544, 133, 815, 822, 764, 132, 960, 385], [926, 736, 407, 486, 836, 429, 233, 829, 466, 591, 53, 262, 325, 418, 50, 635, 581, 221, 620, 846], [729, 970, 754, 460, 119, 630, 464, 787, 257, 195, 25, 244, 756, 753, 758, 475, 102, 552, 868, 308], [425, 363, 673, 340, 938, 457, 444, 103, 816, 86, 627, 714, 728, 43, 679, 205, 944, 302, 458, 509], [27, 623, 82, 342, 328, 456, 25, 772, 361, 105, 190, 655, 439, 77, 61, 340, 196, 893, 555, 845], [894, 861, 830, 679, 573, 972, 157, 486, 503, 813, 870, 667, 132, 11, 511, 0, 150, 543, 714, 602], [623, 294, 22, 216, 552, 881, 205, 536, 923, 74, 556, 699, 779, 324, 787, 467, 476, 54, 895, 546], [781, 771, 245, 128, 477, 349, 216, 907, 139, 866, 630, 428, 423, 637, 811, 687, 653, 146, 441, 666], [734, 229, 159, 20, 755, 340, 592, 981, 856, 769, 659, 440, 77, 808, 365, 551, 497, 891, 873, 897], [239, 273, 685, 948, 198, 941, 834, 244, 840, 795, 34, 899, 865, 67, 442, 709, 302, 690, 254, 738], [750, 901, 94, 334, 631, 343, 809, 330, 322, 849, 271, 450, 110, 542, 567, 86, 426, 394, 920, 540], [623, 62, 840, 205, 100, 701, 293, 182, 235, 51, 160, 762, 212, 597, 154, 785, 879, 372, 856, 738], [591, 774, 233, 929, 860, 359, 581, 77, 37, 551, 97, 31, 705, 709, 28, 346, 5, 505, 653, 200], [410, 896, 889, 850, 554, 193, 674, 622, 357, 843, 728, 425, 43, 62, 24, 510, 203, 121, 656, 734], [958, 994, 934, 235, 828, 202, 339, 436, 433, 354, 483, 357, 207, 473, 291, 562, 896, 249, 582, 287], [388, 283, 945, 55, 953, 406, 982, 508, 351, 208, 191, 95, 780, 635, 831, 699, 319, 501, 638, 395], [420, 666, 970, 313, 566, 744, 453, 795, 959, 326, 429, 947, 596, 136, 941, 213, 337, 516, 396, 634], [296, 697, 723, 61, 268, 970, 249, 25, 542, 334, 81, 319, 695, 210, 770, 683, 899, 304, 824, 208]], [[757, 923, 487, 412, 85, 970, 685, 363, 744, 998, 846, 203, 586, 895, 925, 842, 653, 754, 455, 431], [271, 256, 274, 164, 474, 575, 524, 450, 552, 20, 650, 829, 203, 986, 102, 988, 315, 588, 644, 653], [728, 468, 745, 574, 84, 642, 436, 516, 185, 260, 501, 740, 923, 103, 341, 658, 41, 86, 872, 694], [84, 288, 554, 750, 820, 772, 26, 961, 32, 838, 730, 642, 601, 509, 687, 581, 216, 153, 565, 643], [744, 915, 895, 874, 426, 540, 183, 615, 95, 302, 418, 704, 28, 189, 812, 873, 190, 863, 980, 629], [558, 462, 438, 28, 472, 744, 214, 502, 194, 32, 896, 300, 805, 367, 958, 642, 225, 923, 677, 674], [528, 789, 9, 303, 230, 346, 815, 960, 721, 229, 131, 154, 264, 360, 604, 392, 991, 577, 465, 622], [129, 288, 851, 756, 179, 708, 922, 636, 100, 528, 982, 107, 22, 998, 834, 311, 146, 873, 853, 678], [118, 264, 456, 332, 197, 899, 58, 105, 612, 343, 199, 269, 771, 462, 802, 684, 647, 929, 429, 887], [354, 874, 37, 757, 56, 577, 394, 685, 816, 536, 265, 947, 122, 969, 148, 891, 193, 641, 460, 205], [510, 281, 913, 688, 173, 915, 11, 518, 911, 16, 345, 311, 833, 582, 786, 438, 563, 155, 996, 524], [2, 381, 419, 352, 238, 274, 941, 765, 818, 53, 884, 684, 921, 665, 774, 374, 423, 284, 216, 448], [402, 901, 89, 796, 824, 740, 180, 869, 525, 658, 451, 840, 657, 873, 237, 747, 36, 27, 297, 914], [180, 550, 420, 355, 101, 655, 392, 601, 574, 932, 443, 552, 277, 371, 487, 139, 500, 269, 507, 984], [112, 70, 966, 608, 165, 824, 627, 293, 889, 308, 56, 405, 196, 273, 202, 733, 900, 684, 201, 85], [853, 358, 887, 667, 16, 773, 795, 389, 62, 33, 638, 398, 409, 339, 137, 952, 173, 544, 119, 213], [26, 14, 508, 544, 712, 517, 297, 852, 948, 216, 689, 409, 132, 913, 41, 13, 757, 823, 101, 647], [629, 486, 127, 672, 336, 933, 122, 231, 724, 804, 414, 646, 132, 601, 637, 46, 870, 746, 865, 678], [940, 367, 192, 942, 3, 444, 396, 856, 982, 441, 814, 313, 50, 986, 0, 792, 963, 753, 200, 904], [330, 768, 263, 691, 848, 530, 169, 523, 253, 156, 470, 7, 527, 560, 456, 76, 949, 273, 221, 563], [41, 769, 476, 731, 405, 98, 831, 496, 34, 740, 389, 969, 399, 290, 59, 798, 480, 934, 167, 979], [270, 627, 993, 486, 526, 509, 448, 213, 39, 808, 78, 883, 498, 10, 905, 649, 835, 42, 644, 597], [940, 669, 485, 47, 988, 998, 591, 946, 898, 623, 71, 295, 503, 298, 637, 717, 506, 686, 525, 326], [207, 155, 257, 780, 523, 310, 133, 990, 248, 201, 483, 492, 90, 246, 174, 588, 793, 612, 960, 447], [377, 36, 246, 170, 31, 578, 710, 936, 476, 594, 994, 516, 413, 587, 920, 939, 422, 112, 803, 233]], [[901, 642, 439, 227, 201, 136, 137, 28, 620, 433, 762, 352, 179, 203, 130, 835, 147, 930, 894, 330], [360, 791, 583, 26, 363, 541, 5, 167, 90, 882, 578, 803, 943, 243, 465, 721, 711, 471, 608, 480], [172, 785, 446, 156, 707, 267, 148, 984, 589, 459, 566, 257, 116, 118, 96, 26, 765, 662, 258, 274], [202, 468, 796, 297, 876, 349, 268, 651, 8, 458, 73, 379, 71, 272, 503, 353, 163, 982, 424, 688], [361, 708, 386, 886, 320, 799, 130, 864, 8, 315, 79, 902, 513, 622, 822, 287, 151, 342, 476, 346], [428, 466, 803, 836, 254, 554, 226, 153, 544, 108, 413, 235, 47, 246, 77, 798, 41, 909, 826, 654], [233, 593, 657, 666, 998, 644, 223, 532, 461, 129, 909, 837, 713, 667, 278, 962, 218, 27, 157, 810], [659, 769, 471, 421, 999, 285, 886, 693, 998, 33, 874, 208, 683, 44, 555, 353, 427, 852, 142, 136], [357, 179, 183, 996, 655, 210, 727, 883, 25, 104, 798, 150, 334, 311, 567, 108, 297, 362, 492, 182], [246, 143, 11, 101, 206, 866, 395, 449, 863, 270, 285, 669, 964, 115, 978, 173, 138, 254, 957, 971], [607, 439, 590, 288, 644, 558, 192, 614, 819, 822, 450, 699, 183, 917, 485, 41, 9, 7, 407, 645], [53, 252, 327, 52, 518, 351, 840, 860, 811, 966, 542, 858, 677, 901, 800, 179, 43, 766, 652, 486], [320, 628, 744, 212, 51, 267, 776, 260, 164, 972, 460, 322, 5, 592, 993, 464, 840, 84, 805, 676], [202, 244, 253, 968, 781, 761, 336, 37, 38, 961, 839, 503, 297, 248, 558, 327, 487, 238, 411, 141], [67, 178, 34, 142, 282, 986, 683, 676, 502, 834, 512, 35, 910, 281, 31, 349, 971, 150, 186, 920], [998, 348, 847, 100, 962, 997, 701, 800, 415, 250, 595, 506, 593, 214, 400, 309, 748, 17, 394, 191], [209, 814, 454, 13, 778, 776, 29, 847, 587, 618, 132, 43, 994, 789, 476, 910, 452, 693, 558, 653], [885, 904, 504, 590, 96, 497, 800, 375, 117, 628, 481, 889, 755, 731, 6, 119, 535, 239, 335, 194], [869, 585, 411, 518, 223, 560, 761, 544, 187, 492, 463, 124, 978, 202, 569, 856, 609, 87, 572, 377], [846, 440, 815, 239, 432, 492, 617, 404, 260, 563, 474, 810, 885, 273, 649, 639, 488, 98, 144, 221], [320, 408, 258, 294, 113, 960, 572, 205, 20, 997, 170, 265, 128, 901, 122, 558, 911, 59, 489, 52], [655, 239, 188, 471, 562, 145, 216, 387, 206, 19, 759, 164, 350, 56, 570, 274, 738, 721, 680, 294], [205, 467, 775, 244, 395, 954, 363, 11, 200, 215, 965, 759, 593, 677, 546, 358, 672, 226, 780, 970], [832, 320, 61, 315, 969, 804, 301, 285, 477, 801, 902, 430, 996, 381, 420, 255, 921, 735, 838, 370], [71, 668, 643, 60, 304, 996, 571, 651, 638, 770, 270, 872, 185, 785, 817, 328, 266, 420, 434, 724]], [[122, 859, 648, 974, 618, 406, 877, 368, 251, 676, 250, 230, 182, 734, 96, 61, 572, 495, 861, 848], [872, 704, 431, 974, 11, 960, 35, 557, 242, 200, 128, 854, 749, 647, 197, 168, 758, 706, 77, 134], [816, 892, 131, 903, 46, 491, 913, 296, 472, 748, 346, 711, 529, 747, 932, 149, 534, 136, 744, 412], [702, 183, 251, 810, 774, 720, 507, 903, 829, 744, 568, 762, 848, 216, 433, 472, 477, 634, 353, 367], [149, 968, 779, 625, 601, 300, 713, 801, 914, 742, 240, 986, 173, 756, 391, 515, 12, 369, 762, 99], [281, 237, 119, 395, 328, 360, 313, 804, 318, 213, 539, 323, 622, 183, 429, 209, 187, 546, 603, 256], [213, 537, 106, 995, 428, 261, 119, 844, 566, 32, 291, 358, 386, 4, 643, 368, 233, 462, 890, 806], [722, 312, 817, 590, 234, 58, 863, 671, 78, 850, 716, 374, 448, 525, 139, 504, 773, 336, 937, 844], [318, 720, 733, 553, 178, 222, 902, 605, 290, 416, 292, 418, 167, 143, 227, 562, 288, 543, 768, 599], [302, 470, 232, 296, 477, 541, 441, 45, 679, 900, 604, 344, 131, 253, 17, 406, 985, 628, 59, 743], [535, 735, 34, 218, 621, 340, 814, 301, 253, 318, 525, 691, 533, 361, 374, 90, 305, 79, 625, 668], [296, 755, 934, 401, 791, 113, 680, 760, 293, 123, 250, 468, 887, 415, 423, 567, 110, 971, 210, 737], [469, 28, 98, 324, 163, 440, 646, 394, 110, 442, 393, 680, 890, 698, 696, 252, 571, 171, 3, 918], [25, 487, 356, 519, 683, 583, 85, 922, 55, 541, 557, 14, 761, 837, 978, 521, 0, 208, 298, 82], [967, 983, 112, 560, 352, 840, 321, 420, 971, 2, 808, 369, 948, 737, 128, 361, 644, 571, 484, 613], [706, 81, 761, 590, 371, 407, 896, 810, 60, 976, 960, 695, 458, 161, 780, 304, 50, 267, 972, 633], [294, 389, 816, 287, 886, 338, 229, 673, 829, 870, 450, 120, 379, 402, 784, 952, 11, 224, 714, 371], [875, 942, 988, 714, 451, 220, 632, 727, 424, 79, 765, 726, 47, 534, 576, 851, 36, 161, 75, 190], [916, 83, 972, 931, 290, 524, 95, 593, 641, 34, 988, 804, 478, 995, 929, 952, 842, 233, 562, 301], [96, 331, 459, 400, 856, 951, 224, 463, 291, 293, 801, 469, 256, 55, 731, 664, 830, 672, 863, 575], [249, 901, 969, 757, 497, 339, 211, 195, 675, 306, 8, 258, 741, 146, 4, 545, 734, 231, 408, 614], [571, 174, 173, 623, 248, 651, 861, 339, 539, 591, 118, 970, 37, 534, 127, 917, 177, 70, 717, 491], [984, 959, 865, 836, 950, 499, 991, 161, 830, 353, 127, 929, 242, 788, 176, 399, 226, 81, 256, 158], [296, 979, 384, 423, 325, 193, 783, 346, 9, 683, 495, 136, 456, 397, 106, 370, 437, 60, 451, 387], [704, 746, 943, 72, 346, 876, 386, 467, 146, 455, 37, 741, 922, 754, 733, 528, 337, 98, 77, 833]], [[412, 274, 981, 294, 784, 801, 620, 485, 812, 102, 930, 371, 526, 301, 980, 749, 672, 772, 929, 898], [772, 218, 466, 556, 628, 136, 837, 750, 423, 34, 55, 103, 297, 990, 807, 540, 559, 595, 888, 666], [362, 745, 800, 178, 955, 358, 382, 244, 235, 360, 424, 516, 176, 692, 311, 345, 968, 787, 719, 948], [328, 867, 915, 841, 326, 198, 621, 127, 494, 253, 918, 341, 955, 249, 473, 516, 111, 404, 334, 606], [610, 172, 493, 338, 221, 712, 627, 499, 960, 724, 425, 678, 737, 358, 792, 200, 533, 181, 763, 52], [943, 494, 347, 872, 165, 661, 656, 331, 911, 729, 735, 124, 953, 563, 590, 888, 556, 127, 618, 529], [13, 104, 241, 289, 375, 462, 841, 21, 77, 854, 675, 997, 659, 167, 640, 265, 908, 710, 377, 326], [605, 595, 859, 74, 497, 420, 992, 924, 306, 248, 205, 667, 53, 668, 558, 319, 955, 529, 422, 733], [954, 132, 208, 924, 699, 81, 585, 310, 534, 15, 934, 135, 164, 874, 133, 456, 335, 1, 209, 19], [171, 10, 714, 790, 153, 780, 198, 315, 146, 581, 184, 284, 697, 295, 783, 931, 9, 298, 251, 52], [545, 29, 814, 578, 39, 5, 59, 456, 259, 30, 572, 597, 631, 130, 124, 712, 506, 987, 234, 445], [857, 353, 560, 835, 673, 21, 550, 651, 804, 29, 14, 485, 426, 121, 578, 704, 364, 219, 132, 993], [471, 716, 625, 511, 433, 310, 879, 440, 420, 768, 226, 906, 712, 336, 34, 292, 36, 936, 439, 128], [322, 974, 55, 326, 949, 189, 602, 348, 576, 857, 368, 333, 445, 642, 533, 812, 802, 288, 290, 229], [775, 844, 724, 443, 38, 922, 250, 739, 60, 770, 951, 107, 56, 433, 747, 748, 130, 42, 936, 713], [395, 406, 873, 326, 282, 905, 439, 169, 775, 975, 415, 79, 570, 116, 818, 640, 139, 385, 267, 480], [249, 81, 922, 166, 16, 70, 751, 579, 896, 870, 613, 749, 631, 560, 464, 492, 488, 111, 383, 801], [865, 373, 245, 540, 704, 404, 675, 106, 76, 137, 30, 794, 120, 898, 316, 34, 10, 855, 836, 531], [585, 181, 239, 747, 854, 319, 687, 802, 702, 379, 270, 530, 883, 333, 713, 952, 183, 900, 22, 108], [339, 820, 90, 523, 757, 389, 691, 407, 676, 326, 335, 65, 265, 51, 321, 664, 56, 947, 845, 94], [906, 958, 59, 809, 554, 112, 961, 392, 599, 96, 459, 43, 983, 723, 239, 184, 435, 421, 341, 5], [727, 429, 277, 531, 476, 401, 125, 183, 866, 58, 914, 245, 589, 24, 251, 642, 496, 892, 210, 788], [536, 275, 113, 665, 776, 538, 92, 654, 514, 821, 55, 772, 554, 273, 298, 729, 524, 88, 27, 561], [74, 407, 348, 334, 270, 910, 858, 316, 665, 182, 15, 303, 851, 513, 163, 511, 710, 452, 229, 481], [194, 655, 999, 749, 400, 957, 549, 515, 124, 928, 747, 391, 973, 396, 726, 945, 334, 575, 739, 545]], [[380, 777, 258, 135, 552, 320, 861, 165, 151, 40, 591, 342, 801, 117, 259, 490, 53, 531, 983, 717], [391, 617, 341, 186, 234, 972, 769, 84, 951, 71, 132, 378, 907, 665, 130, 533, 995, 584, 417, 627], [91, 959, 881, 608, 912, 711, 940, 528, 181, 81, 726, 789, 420, 699, 736, 313, 137, 768, 298, 33], [220, 686, 756, 517, 594, 716, 566, 136, 978, 171, 187, 677, 928, 804, 698, 854, 857, 454, 116, 995], [139, 20, 988, 39, 617, 232, 131, 687, 254, 142, 55, 200, 738, 520, 932, 323, 583, 788, 150, 36], [521, 42, 59, 131, 253, 834, 600, 36, 660, 406, 106, 273, 3, 888, 319, 355, 219, 476, 687, 936], [905, 823, 410, 242, 493, 590, 363, 90, 423, 375, 577, 112, 352, 425, 644, 74, 729, 272, 224, 315], [151, 831, 639, 922, 244, 417, 441, 661, 856, 727, 952, 598, 930, 576, 722, 632, 300, 975, 871, 649], [854, 598, 611, 654, 172, 619, 832, 265, 284, 966, 236, 94, 933, 550, 153, 291, 911, 488, 754, 725], [137, 399, 751, 184, 13, 84, 748, 131, 477, 924, 706, 263, 479, 995, 816, 567, 581, 286, 977, 559], [364, 157, 229, 116, 67, 848, 753, 302, 418, 136, 478, 237, 693, 597, 347, 455, 803, 780, 953, 969], [758, 129, 191, 826, 460, 720, 971, 584, 970, 735, 605, 922, 152, 135, 496, 352, 759, 195, 132, 475], [180, 454, 876, 207, 728, 854, 245, 693, 160, 64, 389, 44, 254, 642, 19, 738, 34, 414, 672, 364], [467, 430, 685, 696, 672, 200, 771, 219, 158, 946, 936, 185, 688, 920, 77, 486, 46, 55, 561, 305], [358, 745, 24, 555, 770, 170, 156, 172, 756, 159, 229, 589, 687, 102, 898, 963, 855, 239, 755, 114], [360, 119, 510, 278, 993, 355, 545, 583, 212, 668, 641, 571, 223, 139, 458, 158, 286, 341, 259, 773], [263, 824, 190, 142, 950, 317, 301, 544, 71, 461, 443, 641, 12, 365, 440, 327, 574, 896, 453, 645], [383, 860, 809, 428, 546, 759, 239, 19, 918, 168, 329, 789, 87, 590, 499, 196, 497, 887, 316, 265], [639, 941, 92, 936, 722, 998, 788, 645, 404, 424, 810, 269, 966, 409, 914, 672, 14, 57, 908, 475], [499, 971, 869, 597, 495, 291, 988, 51, 374, 14, 119, 834, 19, 99, 823, 206, 457, 265, 534, 844], [71, 745, 133, 677, 293, 509, 811, 559, 572, 231, 943, 650, 310, 701, 437, 837, 228, 439, 200, 322], [118, 326, 769, 727, 11, 868, 984, 752, 206, 936, 465, 543, 889, 971, 632, 923, 647, 197, 774, 661], [640, 292, 749, 339, 569, 462, 803, 305, 468, 411, 726, 958, 553, 874, 712, 649, 219, 935, 115, 676], [274, 642, 507, 528, 576, 61, 794, 930, 968, 87, 478, 820, 644, 950, 388, 223, 955, 942, 259, 984], [895, 118, 141, 251, 662, 293, 347, 79, 210, 502, 713, 459, 524, 112, 44, 219, 577, 590, 697, 340]]], [[[82, 369, 313, 615, 740, 557, 449, 969, 161, 590, 479, 275, 39, 976, 628, 24, 993, 155, 491, 878], [652, 815, 152, 668, 969, 838, 56, 374, 358, 957, 101, 586, 9, 393, 341, 165, 379, 537, 232, 481], [448, 828, 607, 763, 620, 617, 843, 627, 903, 19, 714, 554, 413, 297, 414, 563, 673, 209, 33, 745], [224, 494, 665, 45, 207, 542, 930, 446, 330, 943, 864, 359, 76, 949, 187, 975, 275, 622, 825, 197], [905, 772, 160, 864, 612, 194, 151, 91, 824, 698, 674, 215, 535, 270, 890, 37, 650, 211, 439, 254], [71, 702, 220, 897, 801, 653, 907, 260, 813, 937, 474, 862, 491, 232, 594, 409, 742, 332, 753, 855], [441, 307, 212, 1, 423, 652, 804, 680, 474, 443, 313, 11, 425, 217, 591, 826, 511, 943, 356, 163], [295, 419, 580, 807, 862, 882, 251, 177, 908, 213, 927, 558, 481, 508, 611, 830, 765, 930, 631, 413], [760, 161, 104, 314, 471, 658, 622, 606, 407, 802, 748, 647, 634, 863, 785, 409, 503, 145, 743, 74], [838, 692, 690, 918, 563, 587, 834, 898, 151, 350, 304, 689, 623, 231, 263, 389, 649, 75, 695, 499], [511, 60, 624, 123, 562, 105, 661, 358, 432, 289, 35, 771, 248, 434, 558, 268, 776, 662, 138, 675], [812, 805, 924, 806, 731, 524, 314, 954, 502, 882, 338, 448, 668, 811, 369, 366, 770, 930, 984, 932], [701, 768, 367, 15, 797, 820, 168, 256, 119, 945, 721, 209, 794, 255, 48, 648, 793, 964, 791, 272], [138, 566, 366, 30, 338, 573, 220, 280, 317, 758, 330, 455, 561, 71, 64, 289, 902, 316, 263, 763], [505, 538, 181, 422, 567, 546, 835, 0, 395, 716, 310, 178, 486, 41, 449, 388, 622, 874, 985, 873], [299, 525, 700, 701, 872, 101, 549, 639, 131, 758, 26, 545, 693, 728, 170, 217, 531, 970, 672, 160], [391, 371, 260, 421, 468, 758, 83, 877, 831, 199, 109, 467, 215, 427, 576, 317, 678, 724, 249, 424], [16, 603, 254, 683, 80, 681, 1, 330, 46, 974, 547, 443, 458, 319, 446, 501, 445, 331, 972, 690], [100, 612, 207, 368, 850, 421, 889, 938, 130, 697, 884, 974, 827, 713, 761, 821, 687, 139, 137, 169], [299, 948, 829, 849, 877, 76, 226, 358, 263, 695, 198, 424, 975, 159, 370, 268, 197, 704, 585, 43], [685, 421, 964, 544, 309, 768, 972, 817, 275, 205, 815, 704, 333, 523, 209, 604, 764, 939, 330, 336], [450, 475, 854, 970, 48, 440, 502, 414, 641, 813, 494, 739, 578, 891, 388, 273, 378, 410, 327, 18], [741, 378, 282, 110, 656, 189, 275, 619, 953, 118, 807, 254, 707, 72, 83, 745, 86, 865, 706, 49], [492, 566, 852, 670, 430, 847, 845, 174, 779, 275, 452, 91, 749, 369, 92, 58, 320, 764, 415, 301], [128, 95, 350, 717, 193, 881, 680, 619, 395, 686, 213, 401, 616, 111, 335, 492, 91, 425, 678, 33]], [[799, 757, 521, 95, 446, 206, 58, 305, 23, 653, 134, 708, 330, 543, 593, 734, 818, 863, 560, 582], [614, 389, 46, 550, 770, 606, 728, 415, 434, 334, 288, 207, 184, 220, 29, 498, 580, 162, 954, 273], [617, 125, 130, 449, 224, 894, 409, 714, 431, 627, 341, 461, 633, 318, 900, 357, 559, 716, 907, 384], [324, 437, 347, 910, 507, 754, 821, 255, 251, 366, 771, 339, 547, 348, 787, 204, 131, 662, 959, 846], [297, 549, 365, 728, 547, 892, 624, 479, 488, 848, 607, 775, 80, 263, 118, 970, 414, 711, 559, 850], [956, 424, 393, 531, 691, 633, 789, 429, 337, 795, 921, 433, 462, 47, 35, 422, 569, 66, 445, 86], [697, 271, 426, 805, 286, 537, 589, 800, 43, 801, 514, 105, 284, 169, 519, 712, 638, 569, 991, 658], [640, 492, 710, 121, 397, 801, 151, 662, 760, 149, 435, 352, 638, 891, 35, 547, 99, 554, 410, 28], [56, 983, 11, 52, 943, 821, 977, 900, 356, 390, 243, 526, 839, 673, 537, 888, 846, 666, 772, 475], [602, 46, 401, 116, 611, 880, 214, 471, 386, 39, 490, 318, 915, 802, 731, 107, 278, 879, 687, 821], [278, 408, 118, 202, 55, 110, 596, 745, 550, 754, 811, 662, 734, 254, 124, 125, 957, 29, 873, 894], [521, 885, 253, 792, 85, 823, 881, 439, 927, 52, 636, 190, 703, 673, 60, 522, 872, 17, 782, 690], [69, 789, 976, 416, 73, 149, 751, 348, 920, 652, 509, 13, 661, 897, 451, 31, 838, 544, 995, 650], [424, 11, 938, 391, 712, 956, 355, 28, 914, 529, 970, 834, 937, 607, 708, 621, 726, 476, 293, 457], [388, 373, 940, 15, 340, 424, 888, 341, 941, 8, 411, 57, 209, 557, 220, 258, 727, 176, 432, 950], [529, 780, 422, 968, 152, 168, 20, 0, 232, 854, 302, 339, 911, 435, 656, 151, 624, 724, 720, 995], [665, 355, 399, 236, 367, 602, 234, 20, 262, 147, 713, 500, 541, 474, 839, 53, 666, 149, 856, 895], [117, 831, 999, 334, 587, 801, 770, 451, 480, 567, 336, 963, 666, 50, 289, 825, 195, 671, 280, 98], [683, 29, 206, 172, 231, 896, 60, 333, 440, 678, 956, 205, 307, 59, 732, 648, 164, 481, 926, 517], [156, 822, 937, 535, 402, 835, 141, 375, 149, 14, 744, 875, 526, 774, 812, 472, 701, 930, 925, 853], [990, 921, 75, 228, 295, 71, 631, 601, 943, 437, 7, 456, 681, 644, 58, 995, 895, 87, 951, 233], [735, 747, 529, 478, 942, 343, 895, 937, 360, 600, 409, 931, 496, 121, 587, 965, 824, 97, 980, 708], [931, 517, 983, 375, 439, 905, 760, 712, 798, 390, 248, 128, 93, 673, 193, 386, 582, 781, 792, 238], [712, 968, 630, 67, 561, 247, 319, 680, 831, 638, 678, 577, 186, 832, 438, 320, 255, 109, 440, 666], [833, 637, 722, 18, 382, 584, 522, 641, 247, 571, 963, 70, 753, 509, 7, 953, 686, 621, 561, 928]], [[386, 598, 883, 256, 520, 825, 308, 237, 531, 391, 810, 248, 951, 107, 526, 205, 97, 446, 313, 700], [536, 56, 217, 730, 381, 988, 7, 729, 853, 682, 829, 603, 92, 475, 489, 302, 132, 653, 623, 393], [371, 247, 457, 26, 649, 238, 841, 424, 170, 27, 521, 405, 184, 772, 794, 276, 938, 834, 589, 328], [684, 254, 320, 197, 717, 273, 135, 1, 548, 516, 578, 634, 896, 960, 866, 239, 428, 884, 902, 249], [986, 334, 717, 779, 429, 595, 149, 94, 18, 979, 457, 432, 482, 81, 665, 791, 291, 116, 919, 724], [146, 3, 925, 719, 77, 695, 360, 978, 107, 555, 698, 768, 195, 758, 592, 629, 40, 874, 537, 128], [212, 357, 999, 949, 429, 996, 162, 469, 725, 373, 994, 306, 187, 878, 50, 394, 706, 903, 856, 544], [963, 168, 82, 53, 565, 173, 664, 808, 741, 882, 634, 291, 184, 731, 976, 562, 308, 626, 592, 579], [525, 381, 192, 590, 100, 947, 831, 125, 936, 77, 563, 54, 762, 53, 399, 201, 116, 837, 902, 623], [784, 879, 541, 703, 584, 221, 275, 395, 932, 873, 810, 985, 572, 738, 422, 260, 131, 875, 526, 326], [797, 199, 811, 767, 964, 853, 348, 194, 654, 760, 651, 659, 164, 78, 510, 877, 196, 705, 855, 834], [100, 719, 228, 701, 894, 454, 684, 796, 9, 599, 961, 648, 304, 497, 336, 720, 520, 823, 759, 996], [262, 856, 126, 809, 993, 484, 771, 859, 520, 776, 871, 168, 679, 775, 883, 143, 844, 300, 615, 463], [501, 421, 220, 349, 685, 802, 294, 770, 596, 945, 796, 578, 904, 354, 406, 445, 871, 576, 662, 671], [430, 512, 441, 167, 271, 734, 395, 717, 225, 877, 521, 857, 149, 764, 695, 90, 824, 196, 310, 731], [754, 277, 327, 948, 97, 727, 659, 533, 942, 316, 303, 76, 367, 846, 546, 696, 914, 574, 515, 721], [491, 248, 703, 773, 424, 469, 363, 692, 339, 637, 551, 732, 19, 508, 462, 436, 748, 246, 292, 311], [971, 698, 497, 269, 766, 237, 397, 449, 391, 808, 555, 205, 372, 842, 302, 593, 650, 980, 944, 436], [547, 128, 631, 635, 163, 611, 519, 924, 237, 693, 218, 380, 506, 442, 321, 557, 423, 311, 274, 680], [482, 99, 672, 452, 968, 690, 712, 681, 940, 251, 685, 377, 234, 179, 538, 875, 284, 361, 872, 282], [630, 247, 983, 233, 698, 509, 429, 627, 421, 477, 491, 549, 61, 388, 565, 674, 742, 389, 139, 237], [747, 153, 165, 589, 935, 284, 319, 58, 590, 45, 248, 667, 494, 611, 629, 229, 980, 725, 376, 644], [594, 92, 821, 331, 915, 146, 460, 932, 570, 952, 66, 753, 436, 327, 924, 25, 430, 971, 830, 153], [122, 268, 704, 586, 150, 845, 193, 9, 948, 972, 579, 441, 707, 401, 930, 836, 553, 772, 482, 218], [123, 98, 536, 908, 607, 726, 33, 267, 953, 913, 767, 744, 194, 372, 672, 415, 576, 677, 192, 490]], [[23, 150, 25, 755, 933, 133, 482, 756, 664, 849, 515, 378, 920, 171, 217, 272, 816, 289, 431, 814], [907, 794, 640, 572, 211, 385, 320, 946, 25, 931, 589, 698, 350, 360, 492, 224, 695, 593, 927, 774], [264, 720, 110, 695, 985, 838, 266, 435, 510, 697, 275, 814, 167, 130, 233, 821, 535, 319, 880, 12], [730, 50, 784, 362, 553, 576, 16, 934, 143, 33, 651, 755, 609, 451, 868, 579, 843, 538, 560, 395], [664, 72, 799, 964, 630, 661, 188, 963, 840, 120, 304, 343, 286, 874, 888, 164, 342, 973, 737, 272], [177, 175, 585, 909, 194, 743, 200, 541, 247, 415, 254, 544, 306, 928, 695, 718, 571, 428, 526, 138], [272, 395, 925, 386, 627, 770, 41, 943, 517, 596, 672, 40, 567, 769, 845, 761, 307, 347, 132, 48], [267, 518, 452, 775, 464, 300, 210, 957, 793, 107, 748, 119, 829, 502, 156, 9, 659, 344, 194, 16], [727, 101, 459, 363, 46, 795, 40, 948, 426, 708, 929, 762, 999, 215, 285, 542, 255, 291, 789, 381], [735, 466, 712, 945, 167, 332, 100, 616, 422, 639, 584, 720, 152, 273, 443, 83, 175, 289, 808, 890], [730, 993, 560, 736, 152, 25, 805, 589, 793, 911, 293, 760, 262, 318, 164, 306, 559, 756, 454, 999], [423, 277, 490, 621, 179, 523, 51, 182, 311, 271, 255, 316, 802, 360, 89, 617, 676, 64, 527, 605], [639, 774, 383, 846, 483, 327, 296, 680, 487, 681, 985, 939, 300, 779, 760, 82, 995, 575, 61, 37], [660, 332, 456, 959, 45, 242, 495, 912, 459, 25, 682, 514, 205, 428, 878, 255, 761, 643, 666, 159], [449, 291, 33, 140, 148, 496, 862, 81, 323, 337, 246, 15, 258, 95, 615, 592, 97, 268, 441, 57], [357, 559, 772, 273, 878, 532, 254, 873, 339, 524, 98, 663, 593, 738, 468, 951, 35, 545, 172, 876], [114, 785, 79, 551, 401, 626, 327, 317, 617, 138, 70, 186, 197, 786, 942, 888, 565, 102, 609, 566], [23, 667, 712, 146, 24, 157, 909, 761, 570, 857, 922, 560, 514, 526, 817, 168, 406, 811, 824, 350], [844, 652, 370, 295, 667, 454, 398, 140, 432, 828, 743, 142, 402, 762, 80, 7, 443, 436, 122, 422], [81, 505, 904, 615, 62, 83, 640, 77, 279, 893, 128, 227, 994, 68, 431, 275, 536, 163, 927, 350], [236, 718, 317, 294, 704, 617, 865, 20, 427, 226, 492, 573, 366, 767, 562, 969, 662, 521, 96, 240], [880, 87, 820, 951, 618, 388, 865, 830, 806, 417, 736, 996, 939, 225, 106, 203, 668, 418, 518, 809], [753, 38, 757, 365, 711, 48, 176, 682, 740, 898, 732, 416, 264, 599, 636, 960, 861, 165, 834, 854], [12, 503, 48, 670, 151, 710, 13, 482, 87, 655, 279, 380, 866, 432, 678, 906, 840, 386, 563, 852], [682, 922, 173, 885, 228, 359, 680, 384, 220, 327, 567, 633, 576, 857, 532, 45, 568, 569, 123, 204]], [[748, 2, 342, 66, 651, 591, 374, 463, 101, 227, 586, 839, 318, 756, 304, 702, 418, 444, 619, 58], [177, 536, 297, 490, 330, 333, 448, 894, 170, 99, 532, 633, 354, 570, 602, 794, 792, 394, 895, 953], [406, 491, 588, 319, 395, 734, 595, 484, 715, 121, 738, 39, 25, 252, 412, 628, 878, 631, 157, 410], [970, 814, 974, 614, 304, 552, 601, 264, 864, 399, 539, 123, 709, 700, 673, 162, 6, 66, 747, 905], [237, 835, 600, 677, 695, 635, 895, 241, 987, 588, 239, 373, 787, 749, 505, 188, 235, 56, 467, 512], [292, 878, 447, 704, 973, 670, 645, 779, 893, 236, 985, 874, 694, 532, 934, 858, 792, 108, 299, 896], [314, 635, 433, 970, 21, 512, 269, 255, 833, 745, 533, 225, 600, 50, 532, 179, 534, 382, 768, 747], [900, 923, 77, 649, 695, 635, 126, 317, 297, 4, 703, 834, 213, 561, 629, 704, 333, 774, 909, 273], [883, 346, 241, 572, 415, 703, 134, 323, 247, 754, 311, 418, 167, 742, 731, 771, 84, 870, 32, 879], [340, 308, 864, 74, 820, 366, 268, 137, 949, 1, 855, 488, 315, 317, 297, 436, 918, 409, 15, 422], [874, 931, 397, 339, 305, 710, 880, 335, 617, 293, 592, 626, 18, 827, 121, 167, 454, 620, 591, 199], [379, 215, 975, 3, 628, 292, 250, 242, 94, 534, 648, 677, 830, 927, 204, 635, 983, 799, 536, 5], [390, 716, 317, 900, 819, 65, 601, 858, 794, 58, 106, 600, 788, 824, 320, 423, 158, 294, 987, 421], [49, 389, 945, 950, 81, 103, 759, 876, 229, 971, 681, 976, 939, 320, 653, 991, 565, 66, 819, 165], [278, 440, 578, 392, 883, 136, 203, 972, 623, 799, 792, 615, 625, 589, 311, 395, 619, 108, 868, 886], [361, 522, 853, 213, 71, 704, 910, 508, 656, 35, 518, 400, 163, 536, 230, 549, 839, 457, 589, 319], [703, 87, 435, 962, 912, 62, 219, 509, 838, 919, 126, 300, 848, 446, 381, 139, 220, 114, 674, 749], [495, 131, 813, 288, 850, 155, 735, 955, 53, 628, 43, 482, 977, 84, 505, 411, 383, 457, 85, 786], [21, 367, 435, 253, 671, 756, 558, 311, 46, 907, 872, 956, 245, 244, 277, 924, 909, 451, 710, 985], [783, 740, 141, 950, 965, 776, 389, 836, 850, 954, 915, 862, 868, 73, 124, 641, 45, 611, 925, 945], [354, 152, 929, 532, 326, 216, 877, 736, 50, 90, 852, 235, 600, 160, 382, 193, 717, 100, 887, 545], [885, 184, 806, 521, 832, 13, 694, 302, 878, 650, 508, 131, 576, 586, 146, 360, 76, 118, 411, 588], [73, 422, 957, 666, 367, 641, 614, 264, 787, 731, 72, 683, 409, 555, 574, 282, 679, 728, 15, 722], [458, 576, 84, 794, 410, 155, 54, 22, 760, 842, 650, 273, 814, 230, 725, 370, 371, 605, 477, 147], [191, 905, 573, 415, 857, 66, 792, 223, 864, 528, 723, 331, 97, 333, 693, 68, 594, 873, 80, 471]], [[11, 384, 998, 646, 876, 205, 95, 518, 792, 213, 819, 462, 982, 422, 599, 535, 641, 502, 298, 505], [771, 254, 193, 528, 637, 246, 915, 341, 646, 989, 117, 549, 242, 424, 419, 670, 217, 762, 814, 805], [382, 476, 586, 473, 775, 255, 742, 719, 211, 403, 94, 891, 436, 383, 127, 547, 645, 486, 827, 878], [666, 334, 608, 273, 325, 979, 564, 750, 543, 220, 7, 957, 828, 287, 254, 581, 137, 844, 888, 847], [464, 337, 609, 851, 999, 784, 651, 630, 585, 432, 119, 96, 881, 614, 639, 917, 184, 226, 584, 298], [413, 592, 328, 785, 330, 883, 137, 872, 129, 306, 278, 485, 133, 164, 965, 975, 215, 589, 441, 988], [892, 347, 254, 809, 777, 701, 671, 260, 646, 875, 115, 385, 320, 332, 913, 994, 207, 67, 797, 831], [664, 168, 209, 523, 493, 864, 604, 133, 221, 658, 565, 722, 717, 9, 961, 236, 184, 958, 316, 449], [137, 690, 131, 953, 922, 118, 228, 795, 927, 996, 885, 241, 63, 731, 325, 205, 392, 825, 970, 391], [310, 278, 528, 256, 965, 777, 286, 995, 728, 292, 902, 798, 320, 685, 908, 249, 724, 470, 14, 892], [43, 327, 962, 357, 18, 738, 338, 416, 489, 265, 334, 742, 260, 112, 810, 944, 577, 218, 905, 782], [41, 626, 424, 836, 607, 201, 603, 783, 660, 882, 809, 481, 726, 464, 641, 416, 130, 360, 515, 155], [701, 791, 976, 553, 551, 316, 122, 474, 754, 359, 843, 51, 655, 767, 162, 924, 815, 705, 416, 50], [122, 607, 165, 773, 646, 553, 958, 115, 135, 208, 486, 276, 976, 485, 279, 708, 215, 715, 300, 421], [830, 716, 931, 492, 900, 299, 471, 426, 128, 721, 666, 942, 591, 523, 18, 956, 497, 532, 147, 794], [691, 183, 895, 387, 566, 194, 332, 656, 306, 941, 970, 969, 902, 632, 759, 44, 618, 813, 358, 800], [487, 603, 211, 569, 112, 736, 901, 961, 346, 105, 146, 855, 767, 707, 627, 421, 991, 684, 251, 139], [801, 417, 102, 892, 695, 250, 910, 137, 371, 456, 18, 75, 633, 39, 215, 870, 691, 967, 114, 807], [458, 428, 857, 594, 91, 357, 476, 339, 465, 543, 5, 981, 413, 379, 749, 641, 344, 382, 440, 558], [802, 903, 501, 478, 375, 565, 466, 169, 246, 178, 595, 641, 652, 867, 40, 449, 937, 488, 500, 111], [68, 934, 807, 341, 376, 111, 332, 923, 240, 607, 689, 679, 110, 470, 65, 583, 912, 752, 60, 227], [752, 738, 5, 557, 256, 308, 77, 980, 990, 894, 575, 643, 224, 79, 542, 747, 200, 62, 633, 679], [640, 302, 105, 559, 410, 999, 515, 291, 641, 805, 494, 778, 957, 493, 157, 751, 777, 73, 97, 740], [309, 656, 619, 905, 109, 944, 78, 493, 943, 642, 758, 341, 695, 941, 920, 418, 390, 113, 684, 243], [227, 743, 22, 983, 741, 939, 312, 63, 339, 862, 98, 733, 698, 737, 29, 915, 455, 314, 789, 620]], [[338, 768, 954, 19, 382, 718, 643, 546, 558, 22, 372, 615, 912, 99, 288, 260, 403, 932, 766, 220], [575, 84, 145, 851, 319, 114, 551, 428, 396, 181, 679, 377, 79, 524, 539, 474, 324, 657, 878, 600], [75, 302, 951, 765, 145, 479, 396, 456, 468, 946, 8, 357, 86, 27, 513, 931, 717, 104, 714, 14], [882, 129, 871, 230, 334, 366, 303, 323, 711, 382, 857, 406, 357, 372, 578, 974, 389, 518, 239, 434], [798, 745, 194, 2, 26, 358, 788, 120, 305, 814, 774, 353, 723, 655, 467, 129, 908, 87, 263, 855], [310, 865, 223, 365, 516, 267, 782, 881, 965, 858, 797, 227, 176, 336, 571, 522, 834, 442, 82, 260], [571, 522, 192, 440, 273, 625, 452, 107, 692, 936, 80, 551, 353, 716, 967, 374, 947, 124, 505, 54], [263, 43, 108, 341, 521, 586, 343, 929, 147, 888, 754, 904, 55, 245, 606, 75, 133, 357, 573, 479], [158, 268, 942, 674, 259, 922, 300, 363, 171, 439, 503, 585, 645, 103, 322, 660, 765, 576, 74, 939], [363, 578, 149, 491, 516, 336, 914, 508, 503, 161, 630, 566, 878, 95, 808, 224, 210, 93, 723, 211], [41, 183, 337, 220, 193, 992, 637, 80, 981, 692, 575, 702, 757, 642, 388, 386, 79, 17, 423, 956], [574, 217, 159, 267, 646, 4, 728, 448, 639, 575, 647, 308, 338, 243, 521, 737, 236, 802, 782, 779], [624, 345, 664, 685, 22, 588, 527, 505, 194, 552, 932, 944, 662, 972, 82, 698, 317, 579, 908, 542], [192, 179, 85, 626, 749, 608, 49, 492, 213, 844, 328, 942, 277, 909, 774, 949, 928, 983, 514, 469], [687, 45, 752, 671, 799, 81, 879, 60, 324, 647, 233, 290, 737, 59, 869, 451, 83, 276, 244, 28], [615, 108, 493, 405, 593, 872, 878, 993, 221, 841, 650, 996, 103, 27, 601, 843, 154, 428, 354, 954], [539, 651, 607, 272, 327, 719, 523, 713, 672, 671, 191, 661, 954, 930, 600, 90, 880, 689, 659, 440], [783, 141, 179, 2, 86, 426, 822, 529, 26, 522, 865, 184, 852, 155, 589, 324, 702, 810, 519, 735], [689, 903, 681, 374, 213, 797, 461, 170, 668, 487, 337, 80, 424, 893, 15, 583, 983, 695, 861, 924], [236, 437, 207, 769, 488, 843, 687, 103, 751, 139, 992, 485, 545, 898, 470, 46, 277, 746, 946, 183], [445, 525, 137, 737, 5, 594, 578, 634, 160, 379, 640, 891, 789, 305, 357, 454, 807, 405, 588, 406], [739, 483, 127, 953, 999, 804, 188, 477, 97, 169, 986, 346, 174, 28, 65, 913, 267, 51, 202, 700], [939, 961, 578, 277, 859, 300, 823, 563, 806, 887, 741, 787, 350, 291, 27, 451, 435, 497, 580, 705], [432, 512, 662, 368, 384, 15, 248, 405, 935, 385, 620, 68, 149, 305, 936, 192, 48, 965, 981, 892], [908, 541, 756, 486, 488, 679, 373, 17, 827, 439, 918, 169, 125, 990, 189, 662, 793, 114, 353, 264]], [[892, 303, 87, 367, 380, 408, 965, 226, 371, 541, 50, 400, 486, 851, 655, 497, 639, 625, 880, 743], [596, 750, 359, 125, 995, 824, 786, 561, 831, 928, 932, 126, 152, 434, 818, 715, 942, 851, 57, 219], [661, 595, 975, 677, 171, 303, 525, 651, 701, 406, 290, 263, 746, 439, 886, 178, 52, 35, 876, 594], [896, 532, 636, 949, 25, 148, 185, 895, 154, 783, 401, 599, 218, 515, 639, 803, 246, 571, 916, 162], [421, 878, 914, 321, 454, 129, 332, 353, 902, 780, 932, 8, 716, 464, 274, 537, 855, 383, 476, 480], [254, 772, 190, 411, 891, 658, 529, 469, 913, 76, 160, 322, 467, 428, 556, 186, 621, 295, 738, 478], [511, 724, 580, 309, 265, 722, 296, 969, 773, 80, 715, 978, 449, 328, 51, 259, 24, 729, 179, 713], [178, 666, 604, 913, 76, 303, 682, 911, 841, 643, 676, 297, 823, 880, 52, 598, 237, 167, 168, 460], [567, 95, 632, 36, 645, 499, 150, 940, 468, 326, 944, 794, 192, 486, 765, 772, 860, 75, 811, 829], [829, 721, 143, 381, 797, 911, 418, 144, 605, 306, 85, 667, 522, 733, 79, 43, 771, 282, 44, 109], [725, 681, 583, 940, 886, 498, 133, 434, 253, 539, 582, 982, 904, 448, 181, 56, 187, 780, 743, 165], [579, 234, 951, 759, 117, 402, 60, 866, 493, 223, 266, 900, 633, 730, 45, 12, 309, 421, 807, 229], [385, 143, 417, 4, 249, 962, 989, 446, 804, 190, 343, 764, 610, 280, 902, 852, 105, 247, 377, 722], [214, 773, 192, 169, 739, 71, 118, 593, 837, 80, 508, 925, 308, 17, 77, 284, 69, 757, 445, 989], [437, 734, 420, 425, 976, 242, 360, 402, 354, 464, 352, 384, 857, 189, 830, 599, 499, 221, 5, 130], [945, 375, 881, 273, 96, 545, 285, 18, 317, 988, 78, 314, 347, 105, 149, 674, 644, 55, 750, 599], [68, 820, 274, 352, 426, 117, 381, 355, 114, 47, 897, 752, 882, 248, 261, 871, 944, 168, 733, 350], [461, 504, 163, 914, 350, 879, 448, 306, 698, 861, 130, 856, 531, 196, 798, 12, 609, 864, 561, 890], [35, 947, 378, 521, 617, 444, 110, 674, 339, 38, 376, 957, 931, 749, 483, 760, 214, 162, 41, 602], [454, 157, 236, 579, 818, 799, 360, 459, 704, 650, 464, 479, 1, 858, 310, 554, 61, 19, 125, 214], [564, 531, 412, 964, 657, 853, 67, 914, 399, 427, 562, 740, 518, 727, 176, 908, 527, 380, 526, 561], [838, 167, 184, 873, 281, 316, 701, 156, 848, 764, 634, 82, 423, 264, 860, 875, 903, 615, 575, 649], [575, 444, 71, 389, 740, 933, 7, 979, 594, 133, 573, 767, 763, 214, 905, 710, 11, 728, 305, 416], [219, 423, 525, 571, 712, 832, 662, 145, 605, 725, 997, 379, 821, 986, 481, 433, 267, 618, 593, 217], [116, 399, 869, 463, 195, 982, 976, 569, 292, 267, 777, 516, 409, 124, 354, 883, 778, 550, 774, 955]], [[740, 516, 618, 742, 515, 940, 924, 979, 198, 540, 371, 247, 356, 68, 453, 672, 231, 202, 54, 548], [122, 105, 891, 609, 811, 784, 684, 780, 457, 336, 381, 165, 379, 351, 788, 553, 31, 377, 338, 956], [391, 455, 332, 390, 517, 428, 930, 892, 305, 342, 209, 681, 707, 163, 278, 187, 630, 40, 999, 451], [243, 513, 284, 9, 211, 363, 345, 876, 216, 300, 431, 91, 746, 441, 605, 659, 853, 851, 701, 634], [163, 862, 603, 26, 543, 920, 611, 512, 479, 796, 92, 53, 1, 594, 803, 730, 370, 109, 649, 236], [499, 723, 184, 809, 927, 592, 74, 941, 879, 924, 955, 445, 651, 431, 183, 786, 517, 917, 980, 933], [35, 921, 82, 258, 525, 506, 482, 833, 943, 119, 2, 489, 463, 985, 216, 147, 491, 196, 395, 551], [806, 257, 834, 266, 316, 71, 57, 239, 579, 976, 114, 880, 326, 952, 411, 265, 860, 233, 848, 467], [491, 854, 185, 573, 878, 600, 334, 203, 466, 611, 249, 103, 833, 530, 98, 635, 643, 480, 562, 468], [505, 108, 396, 50, 183, 644, 844, 323, 140, 107, 631, 28, 788, 442, 48, 869, 383, 713, 691, 989], [39, 676, 896, 77, 650, 829, 275, 851, 837, 800, 471, 514, 146, 509, 952, 296, 576, 972, 697, 497], [185, 250, 495, 546, 584, 122, 345, 914, 879, 566, 449, 466, 226, 9, 168, 544, 382, 231, 774, 766], [122, 225, 830, 435, 994, 652, 779, 156, 269, 262, 760, 387, 465, 337, 512, 681, 25, 95, 821, 211], [369, 855, 931, 72, 928, 659, 917, 268, 558, 785, 203, 543, 496, 209, 530, 949, 83, 26, 556, 154], [76, 644, 596, 152, 187, 854, 23, 372, 382, 967, 384, 787, 48, 518, 256, 258, 93, 524, 128, 224], [603, 248, 292, 376, 185, 51, 602, 214, 157, 120, 938, 606, 311, 864, 518, 106, 759, 359, 785, 906], [244, 991, 807, 687, 736, 204, 64, 60, 541, 46, 283, 660, 201, 390, 946, 456, 269, 711, 106, 740], [604, 737, 868, 853, 746, 118, 329, 258, 223, 438, 852, 994, 472, 948, 945, 801, 210, 109, 179, 683], [264, 989, 244, 401, 840, 383, 849, 543, 318, 31, 745, 962, 418, 387, 606, 600, 293, 483, 218, 821], [754, 690, 132, 601, 265, 871, 288, 118, 875, 860, 977, 686, 960, 436, 98, 466, 749, 213, 223, 107], [118, 885, 640, 288, 706, 223, 893, 378, 103, 996, 488, 604, 585, 149, 916, 940, 135, 684, 472, 937], [935, 128, 669, 187, 580, 229, 110, 940, 402, 904, 919, 810, 135, 444, 981, 716, 112, 599, 111, 45], [182, 561, 284, 251, 690, 607, 850, 713, 742, 658, 23, 412, 487, 443, 741, 400, 172, 642, 821, 385], [584, 856, 328, 918, 394, 163, 938, 193, 242, 24, 180, 729, 632, 381, 478, 30, 593, 888, 266, 397], [10, 245, 616, 695, 604, 112, 137, 696, 952, 220, 80, 699, 832, 671, 651, 748, 135, 625, 238, 332]], [[392, 3, 151, 746, 651, 937, 192, 822, 875, 107, 922, 992, 617, 393, 302, 866, 691, 37, 268, 286], [211, 259, 601, 398, 179, 967, 915, 51, 803, 768, 308, 706, 180, 607, 359, 285, 536, 635, 826, 198], [463, 521, 136, 416, 761, 621, 851, 264, 515, 992, 933, 570, 601, 489, 590, 690, 618, 717, 11, 324], [517, 678, 423, 326, 379, 699, 182, 987, 667, 152, 732, 974, 438, 861, 755, 16, 767, 23, 191, 621], [988, 552, 570, 550, 724, 502, 57, 24, 191, 153, 866, 944, 460, 21, 762, 838, 834, 144, 761, 468], [728, 882, 462, 11, 681, 253, 417, 317, 427, 926, 5, 263, 674, 661, 114, 169, 612, 919, 264, 149], [356, 110, 47, 958, 736, 631, 460, 708, 661, 510, 239, 111, 248, 45, 845, 207, 910, 175, 266, 246], [83, 886, 453, 686, 60, 939, 481, 578, 411, 491, 423, 652, 130, 219, 998, 265, 263, 262, 908, 596], [160, 660, 453, 537, 906, 807, 452, 808, 589, 152, 367, 56, 163, 977, 360, 226, 154, 943, 620, 633], [461, 700, 827, 491, 150, 164, 732, 39, 12, 127, 483, 680, 235, 364, 902, 807, 746, 102, 584, 97], [59, 956, 288, 278, 934, 2, 625, 791, 187, 876, 575, 999, 378, 931, 58, 673, 771, 82, 987, 41], [346, 54, 146, 288, 424, 236, 698, 925, 44, 332, 517, 22, 471, 361, 477, 790, 857, 991, 807, 578], [399, 131, 96, 307, 82, 974, 587, 652, 193, 44, 165, 874, 515, 84, 901, 971, 387, 328, 876, 648], [266, 426, 788, 430, 59, 113, 488, 597, 795, 736, 48, 908, 443, 499, 504, 760, 621, 33, 834, 21], [392, 389, 42, 229, 724, 28, 268, 503, 486, 957, 578, 738, 32, 154, 797, 148, 831, 568, 172, 906], [423, 277, 850, 862, 536, 94, 636, 990, 731, 222, 582, 35, 172, 436, 598, 591, 570, 576, 12, 730], [836, 62, 575, 649, 873, 576, 549, 166, 783, 148, 590, 94, 870, 613, 493, 482, 413, 236, 61, 480], [975, 779, 410, 535, 321, 234, 556, 555, 696, 818, 304, 3, 909, 262, 228, 189, 660, 131, 919, 569], [478, 404, 421, 975, 512, 164, 599, 77, 110, 367, 827, 808, 874, 309, 104, 173, 301, 283, 701, 459], [157, 680, 6, 836, 750, 494, 555, 172, 729, 999, 872, 87, 689, 340, 117, 438, 279, 975, 889, 368], [637, 792, 224, 213, 960, 380, 606, 270, 991, 393, 26, 421, 200, 420, 73, 641, 171, 443, 294, 562], [368, 977, 982, 154, 370, 301, 288, 883, 290, 166, 857, 817, 913, 390, 613, 790, 188, 704, 906, 13], [139, 542, 730, 15, 323, 100, 720, 754, 882, 785, 446, 804, 289, 613, 958, 344, 379, 692, 904, 623], [857, 801, 907, 642, 696, 135, 939, 40, 672, 782, 191, 99, 849, 961, 587, 796, 121, 884, 634, 927], [471, 977, 240, 455, 855, 424, 928, 761, 247, 572, 649, 47, 616, 859, 793, 579, 828, 931, 438, 56]]]]

All pearson (by: run iteration, trial number):
[[ 0.85585994  0.34883969  0.80868425  0.7192375   0.63436176  0.5917853
   0.83809094  0.72326757  0.89023348  0.90555682]
 [ 0.8680212   0.46613537  0.76560566  0.71723719  0.45673518  0.50146813
   0.86460023  0.78479799  0.68635173  0.87884815]
 [ 0.87741913  0.2715823   0.78788259  0.70346596  0.66554396  0.51483842
   0.79782511  0.51685981  0.91241925  0.87928644]]

All spearman (by: run iteration, trial number):
[[ 0.82857143  0.48571429  0.81167945  0.66673669  0.37142857  0.71428571
   0.82857143  0.6         0.94285714  0.81167945]
 [ 0.82857143  0.25714286  0.81167945  0.66673669  0.31428571  0.65714286
   0.82857143  0.6         0.82857143  0.81167945]
 [ 0.77142857  0.14285714  0.81167945  0.66673669  0.37142857  0.54285714
   0.82857143  0.2         0.82857143  0.81167945]]

All standard error (by: run iteration, trial number):
[[ 0.03593495  0.06666835  0.04367687  0.04188181  0.06076851  0.07190301
   0.0389711   0.05820494  0.07524696  0.04895476]
 [ 0.03268933  0.06155199  0.04364579  0.04547028  0.06508588  0.071461
   0.03777804  0.0706052   0.07901194  0.06402868]
 [ 0.03531073  0.06683562  0.04638588  0.04419358  0.06624299  0.07076528
   0.03766257  0.06644125  0.07797839  0.06265212]]

