3 trials ran. 25 simulated people per trial. 10 objects per simulated person.

Average pearson (by: trial number):
[ 0.84659785  0.25230009  0.79472641  0.73395632  0.25599939  0.55155054
  0.82756406  0.76596412  0.54912832  0.86631564]

Average spearman (by: trial number):
[ 0.82857143  0.23809524  0.81167945  0.61842244 -0.02857143  0.48571429
  0.79047619  0.56190476  0.5047619   0.85033085]

Average standard error (by: trial number):
[ 0.05293996  0.06045677  0.05613564  0.06331375  0.07422076  0.0755549
  0.05085636  0.0683377   0.07790522  0.06989596]

All objects (by: run iteration, oneshot trial, simulated person):
[[[[17, 568, 829, 919, 689, 109, 627, 37, 731, 485], [61, 210, 1, 739, 47, 295, 795, 962, 810, 914], [581, 856, 403, 598, 238, 710, 180, 37, 580, 203], [333, 371, 742, 149, 503, 504, 233, 164, 954, 643], [606, 217, 579, 828, 784, 20, 631, 397, 477, 664], [404, 375, 594, 215, 596, 242, 580, 80, 379, 279], [527, 976, 745, 83, 813, 17, 300, 987, 445, 376], [395, 683, 546, 794, 478, 185, 345, 500, 956, 881], [948, 854, 135, 324, 241, 252, 941, 872, 247, 826], [122, 93, 808, 839, 328, 472, 517, 635, 941, 959], [656, 933, 591, 751, 581, 551, 264, 137, 404, 315], [903, 231, 343, 354, 912, 647, 458, 180, 494, 270], [878, 680, 893, 937, 567, 766, 923, 582, 614, 454], [492, 432, 264, 926, 76, 795, 552, 664, 490, 166], [474, 701, 600, 522, 946, 770, 221, 580, 591, 441], [197, 71, 110, 552, 970, 253, 603, 249, 581, 411], [468, 235, 353, 89, 494, 823, 367, 9, 182, 39], [888, 553, 765, 850, 804, 283, 716, 999, 320, 158], [436, 278, 889, 281, 369, 690, 621, 935, 88, 383], [287, 584, 360, 395, 239, 515, 15, 863, 699, 421], [451, 174, 161, 724, 899, 457, 153, 332, 97, 431], [560, 605, 678, 139, 781, 735, 227, 245, 855, 482], [593, 486, 277, 815, 78, 657, 961, 643, 736, 455], [313, 61, 861, 440, 372, 966, 186, 586, 38, 701], [510, 547, 537, 804, 37, 809, 32, 833, 931, 799]], [[51, 252, 448, 509, 285, 474, 878, 49, 331, 555], [744, 176, 855, 767, 735, 148, 951, 561, 953, 84], [778, 700, 891, 326, 785, 346, 674, 993, 692, 934], [213, 63, 503, 360, 153, 80, 62, 279, 917, 43], [320, 809, 632, 818, 176, 749, 228, 999, 411, 271], [512, 68, 465, 857, 878, 556, 93, 361, 514, 815], [439, 585, 479, 47, 441, 241, 715, 936, 722, 934], [892, 24, 26, 631, 657, 470, 545, 521, 272, 753], [785, 657, 831, 582, 952, 62, 246, 791, 386, 404], [401, 394, 574, 544, 146, 488, 36, 320, 696, 347], [859, 146, 435, 675, 920, 597, 344, 220, 511, 839], [713, 680, 76, 785, 368, 809, 834, 685, 923, 523], [453, 745, 187, 574, 21, 4, 760, 726, 415, 502], [458, 262, 924, 316, 519, 332, 114, 399, 895, 950], [28, 961, 880, 27, 119, 23, 166, 536, 615, 222], [410, 438, 102, 826, 755, 274, 772, 264, 967, 482], [225, 73, 55, 477, 602, 156, 688, 110, 133, 932], [705, 958, 997, 345, 878, 432, 288, 18, 698, 443], [3, 395, 818, 715, 282, 597, 725, 814, 991, 118], [704, 887, 547, 669, 243, 710, 473, 957, 920, 500], [736, 920, 575, 847, 652, 656, 309, 35, 361, 928], [119, 987, 370, 152, 215, 66, 462, 796, 285, 945], [997, 661, 900, 27, 117, 981, 195, 450, 452, 378], [285, 102, 154, 831, 917, 233, 151, 466, 570, 956], [418, 716, 198, 184, 589, 170, 232, 675, 822, 399]], [[616, 124, 74, 437, 996, 505, 812, 7, 666, 806], [598, 896, 631, 353, 586, 585, 242, 379, 839, 647], [317, 663, 825, 840, 320, 390, 513, 221, 435, 409], [563, 571, 597, 40, 218, 535, 46, 231, 687, 213], [442, 366, 749, 265, 34, 796, 600, 911, 490, 141], [118, 924, 721, 206, 328, 450, 577, 426, 970, 678], [48, 762, 1, 906, 708, 953, 139, 9, 15, 667], [250, 896, 445, 775, 703, 737, 961, 932, 64, 591], [880, 369, 967, 584, 101, 662, 700, 232, 629, 67], [975, 961, 576, 865, 940, 362, 978, 499, 507, 73], [160, 900, 718, 203, 893, 914, 311, 941, 563, 506], [468, 95, 106, 460, 682, 377, 79, 769, 22, 214], [7, 809, 333, 44, 798, 214, 83, 887, 793, 767], [314, 120, 29, 622, 75, 105, 201, 766, 905, 63], [821, 129, 155, 621, 675, 251, 36, 407, 656, 273], [315, 246, 674, 353, 469, 823, 160, 967, 418, 665], [288, 252, 410, 383, 203, 661, 201, 835, 877, 140], [149, 277, 599, 447, 973, 159, 608, 561, 280, 791], [431, 748, 410, 977, 240, 981, 494, 510, 507, 406], [128, 172, 674, 745, 686, 613, 136, 293, 231, 859], [487, 817, 931, 508, 113, 789, 719, 361, 236, 98], [44, 430, 529, 222, 874, 649, 15, 925, 993, 906], [149, 671, 728, 881, 192, 876, 142, 960, 571, 504], [955, 660, 291, 66, 795, 864, 900, 169, 853, 395], [368, 569, 408, 298, 272, 717, 545, 37, 41, 179]], [[280, 418, 940, 531, 438, 59, 877, 954, 814, 815], [518, 348, 812, 42, 32, 508, 94, 947, 563, 767], [607, 190, 913, 71, 283, 849, 659, 260, 499, 5], [135, 77, 332, 463, 115, 528, 223, 234, 941, 149], [424, 451, 794, 294, 22, 771, 884, 517, 725, 806], [619, 295, 494, 40, 570, 649, 142, 99, 15, 846], [631, 918, 437, 795, 378, 796, 243, 619, 572, 691], [494, 694, 150, 401, 485, 233, 265, 112, 317, 77], [671, 737, 892, 570, 364, 811, 318, 482, 125, 314], [737, 330, 51, 986, 188, 839, 316, 436, 398, 789], [251, 676, 407, 187, 579, 694, 380, 450, 699, 998], [547, 566, 156, 175, 436, 478, 735, 422, 818, 909], [775, 886, 32, 106, 316, 94, 970, 126, 87, 941], [269, 510, 647, 593, 872, 366, 900, 976, 326, 287], [533, 349, 795, 439, 955, 277, 60, 742, 233, 191], [293, 68, 706, 408, 956, 447, 855, 124, 622, 962], [989, 977, 517, 26, 892, 231, 901, 403, 887, 276], [562, 970, 18, 242, 355, 89, 86, 172, 862, 79], [489, 385, 532, 470, 17, 209, 576, 215, 476, 624], [610, 821, 117, 91, 46, 684, 835, 742, 809, 986], [30, 380, 532, 243, 989, 727, 248, 210, 485, 352], [565, 782, 121, 741, 415, 664, 422, 974, 98, 491], [357, 34, 421, 741, 751, 552, 526, 120, 288, 90], [413, 582, 684, 727, 535, 506, 950, 826, 468, 243], [277, 454, 704, 834, 861, 887, 426, 855, 787, 617]], [[682, 417, 878, 481, 423, 834, 458, 934, 507, 810], [982, 478, 863, 977, 420, 158, 286, 842, 186, 25], [734, 64, 201, 312, 511, 651, 239, 347, 426, 263], [90, 40, 976, 730, 646, 493, 256, 707, 320, 500], [390, 335, 511, 276, 636, 991, 111, 54, 298, 900], [723, 125, 856, 673, 701, 539, 383, 612, 545, 331], [982, 742, 839, 816, 185, 968, 142, 681, 67, 47], [918, 69, 574, 925, 953, 502, 920, 48, 451, 21], [652, 90, 801, 594, 735, 470, 184, 437, 352, 832], [37, 940, 397, 785, 527, 884, 67, 336, 589, 793], [785, 606, 569, 240, 941, 739, 581, 211, 836, 557], [653, 66, 440, 755, 539, 848, 284, 439, 204, 187], [503, 73, 455, 275, 62, 936, 298, 478, 856, 247], [876, 290, 438, 274, 606, 671, 435, 878, 414, 905], [737, 863, 876, 494, 173, 257, 610, 16, 262, 701], [880, 853, 384, 756, 147, 551, 864, 32, 356, 635], [473, 900, 558, 933, 191, 399, 633, 189, 112, 940], [629, 615, 248, 866, 778, 870, 882, 460, 297, 40], [9, 39, 491, 592, 837, 423, 207, 905, 705, 452], [128, 598, 161, 91, 869, 419, 930, 252, 389, 496], [950, 232, 519, 112, 422, 6, 635, 62, 858, 351], [810, 487, 657, 636, 194, 347, 774, 605, 747, 538], [346, 9, 406, 344, 444, 747, 823, 910, 90, 380], [39, 847, 546, 112, 211, 500, 419, 827, 643, 355], [833, 308, 148, 791, 339, 188, 240, 372, 30, 953]], [[834, 713, 144, 653, 77, 804, 280, 526, 149, 454], [144, 534, 880, 734, 742, 901, 868, 820, 860, 329], [340, 13, 651, 599, 115, 432, 743, 912, 396, 490], [447, 628, 615, 535, 848, 39, 883, 551, 770, 355], [117, 951, 192, 126, 916, 189, 675, 532, 681, 360], [566, 163, 57, 994, 29, 554, 916, 362, 526, 106], [51, 760, 405, 672, 520, 446, 589, 297, 689, 85], [250, 82, 632, 899, 519, 256, 805, 685, 755, 288], [337, 542, 602, 32, 30, 267, 729, 898, 324, 958], [191, 728, 286, 869, 315, 363, 697, 836, 271, 104], [176, 924, 174, 432, 84, 131, 271, 806, 804, 240], [486, 532, 531, 418, 27, 692, 405, 87, 782, 765], [220, 259, 313, 718, 252, 751, 395, 508, 876, 503], [584, 770, 575, 787, 791, 227, 59, 455, 339, 872], [670, 221, 485, 668, 548, 506, 996, 798, 846, 843], [172, 72, 376, 736, 263, 115, 355, 478, 520, 469], [177, 833, 369, 826, 568, 522, 498, 206, 54, 855], [498, 574, 835, 316, 51, 609, 720, 390, 147, 450], [572, 642, 690, 122, 802, 713, 747, 212, 114, 46], [5, 525, 396, 17, 6, 941, 717, 822, 255, 75], [612, 818, 193, 985, 585, 615, 329, 271, 377, 889], [282, 967, 755, 410, 447, 218, 245, 992, 155, 665], [475, 795, 500, 895, 948, 437, 131, 740, 351, 422], [822, 668, 321, 218, 749, 9, 589, 696, 35, 189], [422, 615, 135, 801, 639, 532, 294, 428, 462, 824]], [[334, 94, 584, 284, 699, 273, 701, 110, 860, 168], [970, 458, 333, 527, 810, 103, 545, 485, 180, 41], [709, 600, 4, 410, 34, 142, 560, 130, 67, 404], [823, 443, 633, 426, 20, 814, 968, 566, 979, 739], [790, 915, 599, 557, 875, 65, 970, 108, 354, 387], [88, 994, 48, 697, 453, 34, 117, 922, 910, 510], [190, 400, 726, 335, 292, 430, 194, 656, 312, 651], [598, 60, 837, 210, 844, 790, 426, 519, 798, 27], [191, 848, 499, 171, 879, 365, 15, 421, 88, 901], [308, 543, 930, 865, 772, 172, 791, 991, 870, 871], [648, 729, 602, 949, 91, 544, 373, 871, 360, 268], [18, 338, 907, 969, 580, 939, 526, 555, 407, 712], [686, 858, 373, 987, 788, 989, 933, 868, 610, 653], [527, 211, 239, 668, 683, 273, 889, 537, 559, 569], [680, 960, 620, 49, 143, 59, 962, 394, 43, 598], [529, 629, 818, 607, 987, 445, 794, 769, 273, 535], [689, 549, 797, 740, 480, 546, 982, 788, 232, 82], [936, 350, 261, 882, 555, 553, 765, 714, 48, 913], [184, 836, 767, 121, 91, 978, 360, 832, 555, 570], [671, 13, 719, 893, 819, 554, 483, 202, 182, 733], [289, 452, 209, 843, 603, 690, 445, 247, 401, 686], [158, 458, 24, 687, 150, 849, 695, 97, 657, 893], [613, 920, 353, 986, 354, 61, 910, 71, 165, 875], [322, 476, 138, 696, 706, 116, 388, 177, 251, 634], [215, 103, 302, 878, 36, 746, 707, 41, 128, 636]], [[639, 895, 192, 262, 926, 501, 82, 100, 965, 860], [161, 708, 169, 454, 62, 340, 687, 16, 335, 155], [49, 177, 687, 944, 186, 997, 764, 935, 302, 545], [953, 262, 786, 908, 386, 377, 636, 405, 562, 460], [699, 369, 80, 721, 175, 102, 223, 476, 742, 512], [518, 477, 553, 114, 933, 425, 809, 38, 895, 502], [783, 709, 168, 874, 982, 814, 423, 414, 823, 956], [666, 250, 957, 308, 994, 643, 523, 313, 327, 72], [761, 460, 165, 554, 406, 182, 582, 23, 613, 86], [967, 613, 438, 126, 828, 367, 89, 576, 108, 267], [310, 60, 513, 39, 77, 711, 230, 336, 846, 519], [859, 77, 439, 514, 128, 725, 431, 603, 887, 855], [396, 463, 938, 317, 909, 498, 719, 303, 483, 142], [79, 580, 59, 652, 645, 792, 871, 515, 444, 477], [79, 910, 187, 617, 502, 735, 277, 405, 308, 907], [631, 171, 995, 728, 162, 106, 168, 521, 282, 444], [630, 170, 935, 251, 524, 612, 458, 499, 682, 271], [740, 640, 737, 494, 50, 144, 165, 78, 993, 687], [75, 574, 84, 519, 267, 259, 899, 532, 473, 803], [792, 566, 212, 313, 719, 456, 38, 819, 832, 913], [885, 954, 477, 917, 948, 856, 611, 800, 460, 973], [926, 548, 315, 112, 34, 468, 971, 249, 311, 287], [89, 342, 456, 638, 424, 816, 687, 867, 827, 594], [198, 178, 419, 556, 515, 548, 941, 6, 969, 946], [603, 242, 230, 923, 264, 951, 239, 419, 971, 723]], [[503, 501, 928, 871, 73, 913, 745, 621, 269, 636], [685, 946, 328, 818, 825, 45, 23, 425, 132, 715], [229, 996, 270, 553, 364, 587, 384, 633, 33, 846], [308, 206, 950, 975, 527, 879, 884, 801, 447, 420], [58, 360, 163, 20, 65, 401, 789, 409, 687, 119], [885, 890, 706, 814, 121, 976, 733, 651, 441, 261], [655, 527, 367, 18, 671, 960, 247, 121, 313, 768], [284, 342, 534, 665, 722, 111, 646, 512, 790, 307], [910, 664, 112, 6, 215, 906, 609, 236, 81, 30], [638, 107, 399, 322, 562, 749, 275, 283, 985, 141], [212, 692, 723, 718, 637, 543, 987, 678, 743, 167], [201, 153, 411, 554, 204, 502, 185, 605, 318, 362], [303, 969, 667, 708, 241, 679, 632, 159, 298, 642], [948, 857, 834, 735, 675, 89, 237, 826, 554, 193], [48, 701, 168, 286, 859, 756, 378, 950, 365, 696], [199, 539, 332, 580, 951, 498, 713, 747, 337, 432], [277, 784, 818, 215, 838, 33, 901, 670, 208, 940], [311, 548, 933, 428, 439, 71, 574, 613, 68, 607], [535, 514, 509, 745, 977, 682, 703, 420, 431, 479], [682, 328, 881, 93, 237, 205, 332, 685, 695, 486], [525, 83, 51, 810, 567, 807, 357, 693, 486, 926], [984, 32, 166, 317, 829, 961, 603, 571, 659, 5], [850, 525, 60, 383, 556, 265, 952, 541, 467, 433], [628, 89, 315, 554, 187, 487, 506, 523, 970, 114], [512, 659, 100, 708, 452, 613, 65, 647, 299, 731]], [[215, 594, 898, 765, 338, 697, 560, 10, 938, 989], [172, 688, 785, 302, 330, 994, 404, 922, 70, 513], [428, 127, 303, 823, 148, 954, 727, 479, 109, 988], [944, 888, 218, 182, 47, 323, 408, 836, 403, 580], [904, 218, 852, 500, 28, 236, 952, 355, 415, 92], [181, 619, 854, 441, 213, 201, 16, 111, 551, 378], [531, 864, 725, 656, 760, 565, 486, 791, 632, 189], [144, 681, 959, 379, 949, 591, 315, 817, 252, 898], [489, 263, 845, 376, 67, 335, 800, 123, 194, 663], [454, 377, 532, 744, 825, 805, 719, 731, 444, 585], [906, 66, 917, 625, 214, 569, 438, 586, 667, 8], [458, 883, 313, 735, 413, 44, 61, 218, 823, 570], [326, 990, 269, 855, 513, 588, 317, 80, 686, 209], [937, 231, 522, 423, 381, 672, 296, 982, 802, 677], [931, 820, 956, 145, 593, 40, 551, 379, 505, 335], [135, 715, 796, 398, 108, 574, 821, 762, 737, 295], [768, 437, 780, 454, 258, 337, 750, 197, 993, 563], [0, 615, 292, 228, 251, 25, 147, 598, 613, 183], [838, 522, 127, 419, 734, 148, 818, 84, 649, 426], [459, 920, 839, 358, 830, 752, 616, 727, 915, 748], [68, 605, 954, 918, 183, 702, 195, 450, 301, 569], [963, 901, 922, 982, 919, 108, 721, 131, 995, 119], [396, 45, 733, 770, 576, 459, 102, 236, 208, 871], [317, 114, 782, 271, 268, 592, 864, 85, 531, 96], [445, 298, 316, 246, 224, 21, 945, 550, 591, 461]]], [[[264, 879, 731, 296, 989, 810, 596, 71, 347, 568], [725, 983, 885, 559, 38, 371, 177, 912, 545, 394], [448, 925, 977, 337, 148, 975, 723, 122, 417, 192], [42, 851, 409, 721, 12, 24, 129, 508, 633, 607], [445, 154, 317, 83, 260, 555, 603, 348, 413, 829], [735, 877, 862, 606, 537, 421, 466, 656, 435, 752], [541, 547, 534, 536, 11, 850, 710, 686, 860, 811], [237, 635, 55, 516, 218, 321, 930, 117, 39, 464], [878, 279, 529, 211, 127, 834, 303, 204, 341, 343], [828, 106, 389, 138, 30, 154, 632, 605, 77, 745], [600, 991, 448, 25, 464, 364, 333, 239, 597, 554], [718, 480, 67, 927, 683, 745, 379, 409, 626, 460], [321, 507, 565, 358, 738, 391, 450, 5, 270, 816], [352, 783, 290, 437, 460, 324, 497, 509, 557, 652], [312, 743, 545, 682, 672, 107, 747, 868, 676, 336], [608, 237, 93, 466, 617, 879, 191, 56, 160, 873], [440, 930, 254, 321, 934, 193, 601, 30, 9, 686], [838, 954, 926, 110, 275, 511, 933, 518, 104, 766], [914, 379, 429, 817, 930, 32, 270, 374, 329, 685], [2, 659, 349, 393, 318, 560, 785, 919, 69, 45], [868, 611, 692, 277, 402, 297, 841, 397, 217, 888], [979, 858, 816, 972, 602, 788, 832, 921, 236, 679], [604, 325, 535, 981, 937, 317, 809, 714, 142, 829], [150, 608, 536, 932, 666, 813, 20, 656, 477, 225], [968, 149, 125, 216, 799, 476, 287, 187, 172, 625]], [[46, 311, 712, 892, 977, 312, 214, 931, 994, 730], [170, 792, 657, 75, 56, 964, 752, 493, 578, 41], [915, 352, 424, 743, 713, 300, 623, 293, 174, 438], [566, 113, 578, 54, 513, 138, 144, 147, 248, 741], [736, 824, 260, 36, 608, 9, 467, 712, 170, 333], [317, 20, 569, 152, 526, 543, 447, 984, 334, 280], [781, 466, 470, 135, 419, 503, 613, 325, 571, 989], [299, 78, 551, 511, 668, 30, 624, 870, 664, 900], [572, 242, 205, 128, 532, 886, 350, 449, 594, 989], [10, 596, 594, 987, 171, 230, 970, 333, 745, 597], [284, 387, 304, 176, 344, 927, 190, 471, 127, 309], [846, 338, 941, 785, 648, 646, 204, 56, 396, 498], [425, 422, 160, 136, 19, 919, 431, 687, 976, 223], [487, 498, 279, 745, 540, 668, 698, 679, 205, 547], [555, 361, 161, 180, 19, 98, 969, 603, 740, 819], [685, 313, 134, 934, 24, 795, 590, 390, 783, 999], [702, 84, 484, 405, 593, 764, 639, 48, 910, 867], [956, 414, 258, 485, 131, 732, 142, 450, 795, 472], [4, 681, 894, 261, 602, 316, 813, 504, 209, 774], [722, 541, 802, 672, 921, 429, 63, 400, 533, 673], [368, 769, 97, 540, 788, 411, 137, 849, 280, 690], [728, 490, 544, 799, 416, 477, 392, 65, 753, 11], [419, 557, 967, 399, 569, 494, 64, 515, 666, 853], [252, 939, 168, 901, 291, 332, 63, 447, 943, 334], [174, 640, 357, 213, 888, 218, 82, 655, 661, 157]], [[292, 71, 78, 940, 207, 400, 145, 497, 564, 615], [498, 923, 91, 626, 466, 928, 510, 132, 412, 878], [512, 471, 964, 189, 731, 434, 55, 896, 168, 14], [847, 498, 113, 382, 861, 798, 632, 253, 227, 487], [796, 94, 926, 905, 806, 369, 358, 566, 32, 567], [663, 128, 422, 723, 678, 834, 722, 725, 50, 46], [974, 794, 357, 624, 923, 601, 265, 376, 780, 563], [751, 178, 217, 789, 905, 252, 39, 893, 477, 912], [405, 491, 751, 215, 894, 156, 258, 748, 360, 565], [58, 921, 117, 958, 623, 712, 240, 702, 21, 509], [914, 444, 900, 182, 987, 877, 423, 239, 511, 164], [174, 643, 840, 37, 491, 576, 859, 522, 914, 309], [208, 966, 244, 393, 342, 720, 6, 53, 770, 482], [969, 110, 625, 221, 738, 347, 366, 600, 405, 732], [905, 699, 356, 762, 77, 712, 383, 37, 469, 578], [482, 103, 858, 871, 121, 853, 8, 104, 770, 157], [207, 99, 55, 959, 417, 333, 903, 106, 246, 79], [9, 953, 518, 416, 929, 248, 123, 78, 760, 427], [845, 676, 401, 833, 141, 528, 306, 162, 860, 247], [598, 309, 950, 436, 968, 618, 107, 191, 123, 257], [229, 451, 976, 726, 75, 761, 983, 877, 639, 128], [424, 587, 940, 103, 191, 660, 263, 280, 102, 892], [156, 155, 725, 229, 719, 753, 313, 268, 791, 448], [332, 1, 415, 276, 799, 425, 25, 226, 837, 277], [431, 918, 28, 480, 967, 40, 554, 17, 556, 914]], [[559, 849, 928, 582, 143, 627, 997, 172, 686, 20], [339, 2, 6, 398, 431, 921, 203, 656, 549, 943], [35, 741, 758, 181, 717, 100, 759, 637, 569, 302], [147, 988, 373, 925, 244, 450, 336, 191, 240, 5], [658, 465, 901, 638, 183, 330, 604, 157, 847, 77], [274, 163, 499, 109, 188, 742, 366, 870, 677, 893], [384, 930, 528, 471, 274, 654, 641, 936, 209, 733], [470, 854, 420, 836, 920, 417, 744, 994, 718, 158], [964, 458, 488, 13, 148, 716, 470, 3, 656, 838], [473, 775, 334, 360, 648, 442, 358, 909, 729, 35], [826, 392, 240, 636, 854, 304, 266, 164, 468, 696], [521, 962, 616, 732, 942, 225, 597, 34, 868, 933], [25, 541, 242, 870, 29, 251, 895, 324, 703, 806], [738, 96, 217, 312, 41, 555, 267, 448, 731, 842], [684, 831, 329, 323, 624, 265, 457, 964, 579, 960], [73, 108, 858, 558, 971, 294, 349, 547, 624, 66], [329, 850, 461, 266, 629, 234, 119, 616, 755, 286], [549, 128, 511, 693, 44, 677, 88, 817, 821, 188], [684, 589, 126, 731, 476, 809, 898, 889, 121, 961], [938, 866, 333, 623, 2, 97, 636, 936, 560, 935], [307, 959, 801, 998, 25, 824, 837, 521, 219, 858], [134, 988, 288, 460, 260, 735, 336, 348, 419, 910], [118, 543, 943, 677, 23, 705, 675, 939, 458, 462], [422, 494, 279, 460, 934, 303, 819, 340, 726, 861], [779, 795, 947, 462, 241, 932, 311, 418, 640, 639]], [[840, 436, 591, 535, 668, 398, 744, 602, 976, 124], [737, 200, 840, 617, 11, 150, 804, 316, 343, 630], [284, 107, 751, 262, 33, 937, 403, 207, 18, 608], [517, 601, 373, 938, 789, 638, 122, 419, 928, 478], [535, 475, 498, 485, 81, 951, 686, 728, 789, 13], [562, 343, 761, 525, 9, 886, 820, 19, 691, 766], [602, 825, 493, 868, 324, 165, 458, 250, 719, 659], [475, 874, 326, 64, 718, 209, 442, 332, 411, 255], [373, 441, 589, 974, 936, 339, 836, 76, 908, 363], [462, 731, 459, 720, 377, 874, 780, 852, 700, 991], [138, 664, 219, 215, 167, 166, 213, 200, 496, 845], [164, 223, 624, 273, 406, 548, 603, 972, 676, 333], [397, 352, 313, 506, 464, 206, 181, 618, 387, 953], [345, 241, 992, 56, 641, 53, 851, 591, 827, 408], [415, 977, 345, 852, 128, 290, 594, 380, 10, 986], [168, 972, 372, 242, 804, 614, 152, 409, 708, 937], [946, 64, 998, 264, 258, 748, 230, 297, 747, 949], [761, 971, 852, 614, 806, 826, 842, 182, 817, 121], [562, 172, 981, 808, 618, 263, 196, 377, 134, 399], [805, 53, 185, 860, 486, 455, 268, 266, 915, 108], [727, 483, 580, 370, 200, 38, 686, 825, 163, 791], [174, 596, 863, 220, 69, 20, 475, 781, 246, 671], [733, 410, 379, 991, 29, 693, 884, 241, 14, 149], [107, 95, 975, 572, 621, 585, 924, 186, 681, 811], [530, 38, 329, 356, 124, 561, 877, 532, 52, 517]], [[40, 899, 550, 783, 45, 144, 332, 319, 439, 948], [434, 447, 128, 131, 55, 682, 745, 182, 557, 18], [22, 453, 140, 790, 532, 800, 673, 318, 92, 839], [634, 420, 427, 666, 760, 494, 501, 406, 237, 538], [687, 221, 415, 39, 894, 737, 422, 658, 674, 54], [421, 889, 985, 271, 702, 581, 685, 84, 872, 454], [704, 70, 644, 431, 169, 426, 258, 493, 901, 342], [829, 266, 623, 193, 789, 819, 321, 249, 13, 553], [274, 969, 208, 731, 81, 899, 487, 928, 582, 247], [283, 992, 719, 903, 989, 345, 786, 70, 228, 616], [88, 295, 283, 710, 934, 2, 686, 712, 599, 920], [999, 885, 369, 147, 663, 396, 807, 256, 901, 533], [387, 285, 92, 734, 100, 959, 16, 290, 465, 332], [317, 31, 905, 105, 233, 19, 558, 229, 838, 309], [678, 525, 248, 499, 386, 114, 397, 676, 330, 288], [895, 125, 546, 171, 481, 699, 467, 237, 840, 697], [742, 157, 214, 919, 449, 371, 841, 874, 906, 557], [467, 838, 143, 789, 918, 804, 808, 189, 184, 498], [350, 635, 625, 386, 358, 15, 785, 987, 503, 969], [289, 366, 235, 191, 987, 665, 670, 161, 201, 163], [357, 682, 994, 113, 839, 535, 257, 639, 224, 37], [695, 908, 66, 303, 4, 990, 295, 551, 490, 957], [521, 352, 340, 290, 705, 337, 555, 192, 2, 398], [548, 697, 707, 729, 603, 75, 770, 693, 48, 351], [371, 779, 629, 917, 259, 366, 44, 620, 781, 998]], [[609, 278, 514, 312, 24, 117, 293, 11, 634, 748], [700, 59, 844, 7, 776, 771, 848, 498, 11, 987], [406, 386, 500, 744, 924, 411, 462, 854, 771, 710], [337, 384, 518, 816, 865, 329, 134, 289, 804, 16], [203, 41, 515, 816, 722, 765, 264, 391, 555, 644], [524, 976, 821, 917, 108, 434, 261, 75, 842, 999], [971, 185, 597, 708, 510, 33, 894, 757, 766, 487], [131, 212, 969, 108, 936, 310, 340, 673, 458, 846], [579, 384, 605, 36, 807, 487, 841, 897, 394, 727], [991, 552, 368, 128, 752, 357, 834, 352, 979, 137], [387, 516, 245, 152, 531, 106, 286, 518, 421, 719], [446, 352, 83, 421, 955, 490, 795, 544, 342, 928], [337, 914, 301, 258, 396, 747, 229, 929, 280, 84], [89, 454, 788, 605, 814, 790, 185, 695, 166, 666], [261, 514, 787, 529, 92, 698, 743, 272, 367, 583], [536, 319, 23, 697, 628, 169, 786, 618, 340, 559], [996, 23, 116, 246, 698, 751, 83, 680, 25, 342], [172, 348, 980, 937, 808, 853, 598, 789, 476, 255], [281, 230, 963, 84, 194, 144, 152, 859, 493, 151], [639, 856, 781, 235, 462, 102, 933, 74, 643, 87], [239, 487, 442, 5, 219, 60, 224, 102, 131, 595], [868, 987, 451, 646, 189, 320, 594, 628, 249, 738], [984, 519, 974, 994, 650, 943, 735, 417, 3, 894], [51, 74, 593, 888, 818, 390, 858, 114, 466, 38], [404, 791, 65, 857, 466, 6, 76, 371, 925, 113]], [[179, 375, 742, 261, 848, 994, 454, 550, 716, 850], [787, 817, 872, 245, 685, 834, 958, 647, 894, 572], [320, 254, 38, 393, 422, 26, 398, 130, 585, 268], [695, 478, 492, 162, 867, 545, 560, 184, 913, 25], [654, 303, 739, 620, 387, 826, 827, 297, 614, 361], [96, 576, 648, 29, 695, 448, 220, 138, 757, 373], [23, 817, 368, 453, 645, 509, 498, 736, 122, 314], [605, 259, 254, 272, 591, 916, 658, 134, 113, 7], [357, 17, 285, 259, 320, 543, 905, 677, 690, 517], [901, 963, 138, 165, 463, 521, 122, 184, 437, 251], [563, 18, 458, 801, 943, 89, 995, 865, 333, 874], [176, 539, 545, 611, 287, 42, 729, 514, 386, 362], [656, 710, 251, 244, 936, 661, 533, 686, 197, 998], [985, 691, 519, 279, 555, 23, 118, 46, 550, 360], [962, 749, 199, 976, 895, 674, 60, 565, 19, 261], [777, 306, 10, 130, 57, 670, 887, 795, 915, 459], [279, 78, 118, 22, 301, 509, 856, 943, 927, 376], [693, 285, 119, 239, 826, 248, 17, 474, 437, 334], [209, 908, 543, 664, 684, 672, 729, 872, 671, 325], [581, 635, 347, 123, 675, 931, 997, 664, 770, 437], [970, 865, 455, 713, 56, 973, 705, 902, 204, 298], [957, 713, 677, 407, 358, 853, 766, 349, 623, 659], [744, 39, 853, 77, 896, 514, 453, 421, 549, 446], [982, 551, 860, 655, 258, 798, 913, 580, 183, 514], [120, 24, 7, 93, 450, 767, 225, 108, 894, 209]], [[171, 277, 759, 979, 694, 563, 774, 351, 489, 181], [752, 244, 827, 833, 449, 598, 8, 272, 157, 29], [588, 114, 747, 694, 370, 821, 350, 844, 823, 208], [296, 983, 542, 662, 649, 443, 914, 448, 864, 316], [113, 143, 721, 386, 205, 825, 679, 711, 895, 216], [453, 40, 987, 349, 496, 786, 848, 33, 44, 788], [14, 880, 481, 674, 443, 823, 962, 978, 935, 292], [81, 849, 816, 874, 270, 592, 720, 683, 138, 110], [702, 89, 61, 22, 7, 941, 953, 145, 990, 573], [419, 224, 536, 581, 319, 560, 932, 249, 922, 19], [455, 420, 231, 915, 373, 866, 315, 321, 774, 804], [883, 984, 537, 634, 809, 78, 219, 171, 913, 318], [735, 663, 639, 619, 22, 760, 316, 951, 58, 917], [863, 68, 808, 751, 516, 154, 366, 932, 196, 280], [817, 379, 9, 656, 52, 639, 508, 529, 28, 313], [457, 29, 667, 57, 126, 347, 41, 723, 978, 916], [764, 490, 925, 8, 773, 770, 254, 502, 575, 85], [642, 752, 546, 636, 654, 472, 131, 867, 56, 821], [98, 140, 276, 489, 263, 531, 996, 257, 575, 393], [355, 807, 769, 743, 214, 821, 422, 531, 908, 420], [776, 997, 739, 507, 813, 841, 924, 488, 941, 971], [538, 443, 781, 231, 596, 340, 779, 41, 10, 42], [247, 6, 654, 97, 396, 411, 916, 676, 534, 176], [36, 904, 436, 303, 324, 964, 638, 722, 660, 872], [527, 289, 298, 40, 508, 859, 212, 701, 751, 161]], [[852, 588, 930, 740, 474, 724, 742, 633, 758, 579], [699, 66, 688, 787, 113, 804, 305, 587, 274, 171], [408, 818, 868, 907, 337, 436, 49, 872, 176, 160], [638, 73, 20, 938, 969, 491, 760, 388, 656, 771], [220, 238, 386, 605, 67, 870, 868, 719, 259, 62], [237, 694, 975, 804, 260, 202, 613, 235, 931, 181], [409, 320, 410, 13, 854, 185, 524, 905, 292, 167], [588, 503, 360, 191, 172, 685, 183, 865, 855, 106], [480, 732, 377, 959, 81, 298, 770, 682, 564, 972], [661, 139, 7, 534, 127, 87, 605, 579, 210, 201], [639, 334, 878, 6, 933, 721, 714, 216, 340, 454], [155, 247, 879, 184, 98, 510, 87, 538, 325, 511], [321, 281, 797, 575, 138, 554, 891, 207, 966, 486], [672, 843, 145, 434, 354, 645, 408, 204, 800, 302], [103, 221, 607, 603, 383, 945, 792, 12, 538, 308], [574, 946, 478, 214, 551, 937, 168, 195, 957, 132], [645, 841, 167, 691, 149, 698, 8, 743, 7, 201], [137, 820, 45, 410, 976, 278, 499, 827, 318, 763], [863, 147, 794, 319, 379, 43, 939, 902, 327, 445], [191, 245, 62, 427, 796, 466, 176, 549, 142, 6], [563, 402, 566, 314, 480, 538, 145, 485, 113, 890], [588, 667, 193, 321, 516, 941, 243, 933, 650, 11], [150, 223, 762, 710, 743, 803, 984, 753, 191, 90], [508, 430, 487, 309, 829, 675, 126, 661, 817, 667], [43, 343, 287, 862, 913, 1, 925, 190, 983, 293]]], [[[313, 526, 186, 682, 414, 114, 170, 662, 818, 537], [10, 769, 789, 476, 431, 255, 548, 826, 174, 442], [636, 141, 925, 289, 416, 356, 602, 191, 465, 715], [860, 289, 745, 288, 685, 913, 192, 825, 58, 34], [19, 663, 49, 582, 700, 765, 988, 601, 732, 425], [135, 772, 486, 193, 920, 839, 154, 931, 499, 232], [303, 339, 213, 824, 568, 493, 167, 959, 545, 31], [168, 30, 836, 149, 326, 354, 84, 552, 390, 415], [830, 546, 509, 549, 266, 387, 666, 469, 454, 405], [777, 847, 970, 398, 790, 123, 589, 53, 277, 670], [634, 41, 506, 890, 137, 738, 174, 419, 712, 686], [991, 884, 62, 750, 16, 496, 710, 640, 887, 508], [589, 943, 52, 967, 488, 616, 997, 675, 163, 697], [65, 340, 980, 615, 359, 562, 60, 560, 619, 656], [255, 825, 607, 788, 156, 106, 439, 140, 879, 575], [182, 515, 278, 600, 645, 997, 478, 78, 652, 717], [870, 322, 445, 33, 544, 754, 311, 940, 36, 208], [894, 893, 257, 525, 564, 944, 167, 176, 571, 19], [439, 71, 754, 404, 294, 687, 31, 563, 38, 651], [194, 720, 927, 463, 83, 229, 78, 769, 680, 624], [964, 907, 150, 903, 296, 364, 617, 967, 832, 757], [16, 392, 615, 284, 794, 537, 334, 996, 522, 218], [87, 771, 662, 361, 233, 670, 55, 483, 480, 256], [568, 627, 208, 408, 724, 46, 613, 58, 151, 239], [158, 330, 822, 839, 847, 595, 545, 859, 90, 647]], [[590, 184, 663, 674, 733, 134, 959, 771, 684, 364], [999, 353, 569, 498, 750, 513, 67, 22, 545, 426], [823, 26, 112, 59, 532, 911, 846, 587, 583, 435], [990, 980, 723, 502, 713, 539, 793, 761, 674, 56], [925, 792, 920, 678, 782, 398, 878, 431, 693, 859], [614, 967, 183, 623, 748, 198, 41, 639, 769, 137], [245, 669, 536, 987, 492, 660, 4, 857, 524, 596], [525, 831, 262, 82, 533, 491, 551, 168, 590, 751], [473, 970, 612, 608, 296, 861, 349, 118, 713, 662], [277, 966, 592, 346, 5, 958, 390, 896, 708, 962], [479, 192, 470, 872, 650, 209, 426, 408, 40, 731], [421, 719, 962, 321, 963, 346, 592, 757, 505, 617], [238, 728, 242, 547, 276, 83, 562, 754, 35, 857], [61, 659, 569, 552, 182, 675, 869, 305, 840, 373], [747, 605, 548, 627, 391, 502, 171, 396, 90, 938], [744, 790, 929, 735, 85, 255, 941, 404, 492, 482], [226, 357, 944, 688, 693, 874, 252, 740, 557, 851], [660, 237, 930, 917, 219, 857, 523, 210, 598, 351], [349, 869, 315, 529, 951, 0, 860, 222, 483, 978], [630, 132, 386, 902, 726, 633, 298, 912, 721, 135], [788, 519, 393, 83, 854, 764, 472, 131, 396, 168], [287, 966, 265, 516, 909, 80, 195, 650, 583, 476], [318, 175, 12, 761, 631, 424, 121, 720, 822, 902], [732, 952, 871, 648, 680, 713, 293, 206, 661, 531], [283, 529, 419, 204, 584, 460, 624, 558, 209, 488]], [[434, 47, 841, 414, 347, 584, 904, 376, 286, 872], [336, 843, 881, 158, 141, 211, 242, 487, 360, 710], [51, 436, 555, 783, 253, 17, 582, 74, 669, 82], [275, 441, 401, 242, 346, 277, 862, 114, 601, 980], [351, 913, 298, 676, 508, 521, 535, 69, 468, 10], [810, 837, 456, 902, 898, 255, 336, 688, 873, 122], [125, 264, 86, 396, 849, 117, 385, 842, 722, 707], [689, 126, 253, 601, 688, 684, 670, 315, 63, 100], [973, 446, 937, 212, 476, 184, 993, 336, 763, 141], [975, 230, 296, 36, 698, 984, 63, 860, 488, 781], [639, 674, 252, 711, 745, 421, 566, 988, 303, 622], [913, 684, 12, 217, 945, 308, 939, 839, 273, 469], [405, 626, 992, 621, 583, 785, 407, 740, 538, 768], [469, 797, 417, 314, 480, 816, 204, 18, 234, 711], [78, 495, 709, 160, 821, 711, 543, 40, 592, 157], [966, 962, 688, 849, 513, 130, 711, 474, 24, 89], [469, 574, 220, 705, 928, 268, 38, 924, 486, 408], [176, 626, 566, 333, 876, 414, 211, 715, 968, 936], [4, 821, 419, 644, 166, 920, 832, 650, 408, 294], [899, 441, 630, 481, 171, 900, 358, 961, 202, 179], [835, 598, 637, 358, 363, 524, 802, 991, 374, 208], [355, 923, 73, 988, 233, 274, 545, 400, 327, 316], [64, 193, 844, 908, 657, 652, 662, 47, 82, 499], [959, 949, 383, 372, 884, 286, 734, 38, 522, 881], [992, 474, 944, 307, 228, 61, 629, 266, 581, 366]], [[793, 766, 404, 329, 632, 884, 301, 630, 443, 736], [959, 170, 220, 874, 988, 572, 668, 537, 85, 700], [674, 428, 547, 123, 613, 511, 842, 444, 463, 608], [565, 66, 381, 751, 177, 929, 531, 523, 395, 742], [895, 597, 723, 838, 373, 239, 361, 453, 401, 953], [893, 479, 64, 389, 824, 583, 517, 355, 811, 112], [417, 641, 54, 769, 277, 39, 912, 864, 301, 222], [925, 757, 406, 252, 307, 316, 279, 96, 463, 962], [558, 896, 90, 366, 921, 701, 600, 80, 47, 81], [727, 276, 207, 366, 999, 746, 432, 338, 785, 392], [467, 281, 782, 842, 335, 528, 438, 755, 532, 833], [302, 288, 158, 525, 598, 780, 982, 988, 177, 179], [809, 821, 682, 5, 402, 671, 346, 348, 990, 32], [819, 491, 379, 71, 636, 577, 890, 451, 355, 133], [17, 988, 733, 502, 642, 923, 409, 980, 277, 491], [230, 513, 794, 634, 579, 671, 577, 632, 647, 271], [8, 733, 871, 91, 812, 460, 325, 259, 680, 478], [791, 919, 954, 209, 191, 596, 252, 783, 749, 741], [173, 959, 670, 520, 465, 316, 914, 752, 508, 324], [266, 189, 52, 770, 18, 586, 671, 332, 791, 14], [203, 602, 899, 197, 57, 395, 617, 183, 359, 107], [943, 665, 731, 577, 219, 887, 408, 227, 0, 528], [351, 151, 658, 654, 54, 238, 477, 320, 31, 185], [587, 764, 501, 737, 126, 814, 510, 172, 606, 649], [423, 57, 587, 637, 176, 151, 820, 346, 277, 101]], [[931, 545, 722, 173, 320, 283, 7, 51, 883, 125], [534, 380, 589, 331, 167, 997, 27, 874, 195, 961], [140, 712, 111, 201, 866, 948, 886, 933, 978, 962], [104, 419, 120, 137, 296, 429, 347, 515, 409, 265], [894, 733, 809, 308, 218, 438, 710, 331, 299, 718], [669, 372, 658, 83, 139, 345, 609, 927, 959, 303], [325, 890, 737, 807, 451, 500, 200, 493, 983, 115], [496, 457, 24, 103, 855, 73, 822, 419, 620, 384], [41, 761, 508, 670, 734, 709, 827, 762, 13, 676], [55, 199, 440, 239, 14, 298, 265, 225, 274, 775], [398, 268, 58, 110, 806, 479, 537, 433, 841, 277], [883, 737, 950, 529, 345, 214, 564, 902, 68, 341], [410, 899, 239, 481, 142, 50, 452, 690, 117, 379], [415, 444, 976, 517, 810, 464, 957, 102, 802, 71], [284, 305, 714, 433, 392, 215, 871, 932, 446, 374], [30, 980, 896, 650, 364, 420, 519, 635, 51, 880], [154, 693, 514, 406, 167, 674, 959, 915, 165, 317], [313, 317, 81, 763, 525, 70, 611, 58, 559, 553], [956, 316, 709, 845, 511, 777, 274, 793, 97, 637], [676, 784, 28, 139, 330, 881, 545, 399, 298, 804], [359, 101, 874, 977, 751, 35, 498, 74, 268, 96], [114, 31, 429, 845, 520, 384, 166, 893, 108, 862], [437, 386, 95, 40, 668, 359, 466, 196, 403, 219], [513, 799, 173, 101, 424, 501, 471, 912, 666, 730], [547, 610, 804, 66, 587, 967, 163, 186, 47, 159]], [[420, 301, 351, 40, 50, 959, 240, 571, 605, 289], [348, 544, 734, 450, 821, 560, 765, 499, 935, 402], [114, 737, 480, 953, 196, 438, 131, 375, 445, 236], [475, 504, 527, 272, 735, 483, 843, 509, 536, 95], [391, 766, 527, 57, 926, 320, 188, 86, 623, 896], [64, 609, 467, 27, 456, 144, 265, 70, 188, 929], [152, 830, 429, 763, 59, 548, 354, 788, 884, 325], [453, 725, 379, 350, 245, 255, 344, 116, 591, 274], [441, 754, 4, 413, 99, 855, 465, 209, 710, 721], [982, 863, 279, 876, 226, 940, 393, 948, 725, 1], [293, 491, 891, 875, 27, 755, 895, 132, 138, 896], [829, 524, 792, 910, 39, 823, 67, 460, 131, 848], [170, 895, 47, 478, 242, 2, 862, 853, 260, 275], [227, 83, 233, 426, 210, 456, 388, 2, 664, 528], [422, 52, 982, 335, 70, 855, 974, 487, 130, 111], [822, 979, 578, 512, 40, 420, 954, 636, 2, 443], [861, 382, 627, 993, 330, 65, 773, 168, 776, 710], [413, 786, 606, 876, 454, 310, 12, 303, 452, 849], [79, 66, 785, 524, 89, 51, 813, 173, 973, 907], [175, 405, 714, 757, 323, 266, 967, 416, 925, 864], [721, 410, 527, 704, 710, 265, 184, 397, 936, 618], [415, 735, 610, 255, 844, 110, 432, 437, 823, 207], [198, 520, 954, 987, 230, 768, 915, 506, 629, 313], [329, 93, 512, 567, 259, 178, 985, 613, 953, 739], [280, 310, 130, 35, 791, 824, 837, 708, 600, 180]], [[210, 521, 289, 485, 28, 740, 775, 243, 791, 936], [4, 623, 932, 314, 732, 297, 788, 685, 715, 791], [386, 715, 503, 598, 182, 946, 683, 161, 714, 311], [191, 43, 474, 662, 202, 57, 938, 833, 385, 133], [288, 871, 622, 372, 271, 285, 654, 277, 922, 910], [169, 770, 327, 478, 38, 993, 529, 590, 423, 721], [937, 117, 207, 24, 641, 47, 748, 671, 511, 431], [377, 734, 874, 224, 585, 294, 653, 392, 126, 168], [623, 840, 261, 904, 68, 127, 498, 395, 670, 444], [475, 933, 459, 565, 365, 752, 865, 793, 886, 208], [273, 523, 109, 317, 861, 904, 3, 147, 788, 141], [736, 657, 906, 702, 652, 946, 898, 789, 562, 552], [567, 472, 445, 995, 535, 883, 632, 854, 90, 910], [845, 205, 507, 295, 435, 872, 522, 425, 568, 526], [933, 876, 881, 809, 208, 899, 631, 476, 338, 241], [592, 824, 258, 222, 337, 867, 256, 3, 261, 619], [981, 412, 758, 122, 132, 186, 47, 248, 405, 973], [27, 136, 787, 90, 343, 502, 345, 429, 971, 296], [182, 630, 183, 482, 471, 584, 717, 816, 92, 416], [168, 781, 279, 568, 971, 111, 801, 141, 804, 351], [579, 12, 835, 239, 655, 972, 237, 530, 226, 645], [476, 788, 281, 612, 967, 131, 691, 993, 206, 122], [960, 84, 958, 538, 243, 249, 682, 78, 571, 992], [652, 490, 591, 380, 28, 925, 692, 430, 635, 429], [605, 620, 92, 362, 261, 79, 51, 78, 196, 996]], [[861, 906, 806, 312, 290, 165, 485, 18, 321, 31], [530, 339, 893, 383, 545, 117, 860, 342, 778, 203], [967, 775, 838, 823, 576, 219, 52, 51, 639, 265], [438, 312, 518, 87, 568, 436, 894, 67, 927, 182], [118, 656, 459, 332, 549, 289, 658, 811, 426, 630], [749, 233, 650, 367, 616, 809, 944, 754, 522, 273], [527, 73, 134, 274, 824, 468, 678, 152, 781, 595], [375, 925, 670, 145, 526, 395, 162, 165, 54, 141], [52, 191, 353, 491, 647, 457, 558, 431, 0, 10], [738, 605, 262, 385, 260, 93, 472, 187, 398, 423], [88, 125, 173, 516, 697, 404, 980, 334, 27, 799], [188, 307, 495, 564, 783, 59, 507, 769, 156, 93], [705, 815, 897, 354, 262, 580, 245, 455, 57, 300], [187, 501, 828, 754, 40, 492, 742, 178, 322, 121], [884, 0, 861, 681, 519, 974, 406, 33, 744, 392], [893, 367, 660, 14, 818, 757, 971, 445, 281, 537], [729, 439, 113, 59, 588, 906, 309, 860, 451, 730], [446, 235, 225, 0, 186, 222, 80, 906, 749, 268], [711, 482, 819, 307, 459, 221, 505, 53, 637, 210], [252, 558, 208, 655, 383, 404, 962, 378, 22, 179], [407, 146, 300, 700, 25, 819, 299, 431, 958, 828], [291, 9, 413, 807, 700, 196, 12, 602, 340, 290], [25, 47, 789, 655, 668, 591, 602, 506, 788, 109], [667, 929, 388, 425, 11, 731, 907, 981, 658, 74], [410, 1, 219, 333, 321, 474, 254, 512, 701, 436]], [[713, 618, 657, 498, 107, 686, 970, 725, 929, 835], [680, 867, 870, 823, 504, 177, 703, 408, 963, 725], [960, 833, 440, 2, 178, 228, 49, 359, 593, 23], [4, 563, 424, 179, 650, 581, 292, 129, 978, 857], [309, 351, 338, 869, 197, 181, 105, 930, 841, 938], [706, 953, 185, 233, 765, 590, 672, 207, 303, 141], [168, 911, 931, 723, 921, 276, 133, 391, 485, 743], [866, 284, 1, 331, 714, 519, 166, 197, 701, 630], [135, 981, 366, 545, 580, 575, 397, 699, 857, 379], [384, 648, 396, 287, 968, 323, 109, 960, 418, 562], [717, 942, 510, 846, 171, 682, 653, 816, 451, 732], [969, 150, 428, 245, 777, 55, 433, 307, 74, 615], [529, 582, 97, 971, 983, 695, 370, 746, 12, 31], [848, 973, 895, 212, 993, 29, 884, 672, 677, 651], [811, 718, 816, 185, 174, 198, 27, 373, 831, 522], [4, 121, 394, 836, 497, 801, 248, 143, 9, 429], [478, 938, 660, 344, 134, 299, 638, 82, 934, 832], [977, 546, 385, 978, 953, 765, 291, 289, 711, 894], [329, 349, 427, 70, 372, 361, 431, 67, 787, 795], [520, 2, 780, 685, 452, 264, 635, 130, 223, 260], [694, 431, 399, 972, 902, 483, 470, 976, 212, 283], [264, 243, 64, 417, 18, 948, 718, 876, 728, 408], [449, 70, 169, 714, 431, 598, 419, 810, 544, 815], [217, 638, 354, 407, 854, 845, 252, 504, 489, 631], [610, 890, 349, 195, 50, 969, 769, 215, 503, 403]], [[724, 893, 676, 299, 675, 725, 484, 994, 411, 2], [683, 737, 894, 172, 795, 621, 819, 384, 527, 939], [151, 110, 652, 121, 94, 584, 287, 118, 292, 281], [733, 453, 3, 626, 341, 264, 635, 28, 30, 208], [829, 386, 537, 419, 592, 883, 852, 295, 608, 431], [13, 201, 126, 776, 675, 715, 237, 711, 403, 481], [719, 290, 889, 825, 982, 647, 871, 743, 175, 137], [187, 555, 544, 143, 899, 54, 578, 63, 910, 293], [956, 908, 572, 483, 335, 289, 698, 893, 358, 8], [367, 693, 636, 948, 954, 972, 223, 632, 680, 300], [882, 96, 920, 855, 991, 956, 871, 10, 249, 458], [431, 483, 9, 564, 266, 955, 249, 126, 823, 649], [587, 435, 334, 525, 369, 494, 823, 201, 824, 674], [101, 538, 908, 436, 703, 156, 629, 664, 76, 604], [688, 534, 656, 4, 197, 633, 745, 983, 313, 936], [852, 896, 200, 388, 645, 814, 499, 762, 159, 789], [319, 534, 826, 891, 373, 533, 255, 951, 606, 284], [545, 360, 657, 988, 449, 642, 985, 563, 475, 310], [457, 900, 482, 708, 318, 58, 605, 287, 920, 594], [668, 537, 369, 411, 125, 204, 352, 28, 871, 54], [575, 7, 878, 376, 571, 415, 627, 444, 799, 473], [540, 639, 876, 435, 579, 506, 725, 650, 757, 340], [663, 275, 799, 111, 945, 333, 671, 1, 127, 577], [567, 471, 379, 834, 348, 613, 246, 688, 667, 924], [519, 969, 767, 715, 336, 15, 890, 478, 316, 694]]]]

All pearson (by: run iteration, trial number):
[[ 0.82022568  0.30385305  0.78503341  0.72698794  0.7320245   0.46000388
   0.79946179  0.83929583  0.63225753  0.94144841]
 [ 0.88297931  0.2842488   0.79886445  0.74374318 -0.0673661   0.56130865
   0.83252187  0.72100105  0.29953614  0.81573206]
 [ 0.83658857  0.16879843  0.80028137  0.73113783  0.10333977  0.63333909
   0.85070851  0.73759549  0.7155913   0.84176643]]

All spearman (by: run iteration, trial number):
[[ 0.82857143  0.25714286  0.81167945  0.66673669  0.42857143  0.54285714
   0.82857143  0.6         0.71428571  0.92763366]
 [ 0.82857143  0.25714286  0.81167945  0.52179393 -0.6         0.37142857
   0.82857143  0.6         0.02857143  0.81167945]
 [ 0.82857143  0.2         0.81167945  0.66673669  0.08571429  0.54285714
   0.71428571  0.48571429  0.77142857  0.81167945]]

All standard error (by: run iteration, trial number):
[[ 0.05163603  0.06228302  0.05533258  0.06320104  0.07330794  0.07708165
   0.05320907  0.06553855  0.07127052  0.07145002]
 [ 0.0567316   0.05636685  0.0572424   0.06228059  0.07347079  0.07257487
   0.0514239   0.0762132   0.07648611  0.06380387]
 [ 0.05045225  0.06272044  0.05583193  0.06445962  0.07588354  0.07700817
   0.04793612  0.06326134  0.08595902  0.07443399]]

