3 trials ran. 25 simulated people per trial. 15 objects per simulated person.

Average pearson (by: trial number):
[ 0.84860714  0.20922263  0.74767616  0.73656809  0.27375059  0.6163081
  0.81867832  0.75828694  0.87335855  0.8230456 ]

Average spearman (by: trial number):
[ 0.82857143  0.25714286  0.81167945  0.66673669  0.08571429  0.63809524
  0.82857143  0.56190476  0.79047619  0.81167945]

Average standard error (by: trial number):
[ 0.04312314  0.05462494  0.04801029  0.05193851  0.06934621  0.07688576
  0.04301968  0.06360345  0.07801801  0.06526376]

All objects (by: run iteration, oneshot trial, simulated person):
[[[[659, 303, 105, 3, 612, 83, 745, 17, 286, 337, 287, 547, 968, 602, 476], [812, 573, 246, 10, 190, 862, 759, 231, 729, 374, 211, 475, 979, 75, 394], [216, 600, 714, 518, 576, 648, 993, 670, 325, 846, 795, 860, 618, 353, 845], [230, 168, 207, 59, 397, 83, 493, 780, 935, 608, 808, 443, 598, 744, 498], [800, 679, 302, 979, 108, 266, 539, 491, 161, 330, 34, 292, 768, 474, 944], [242, 410, 447, 957, 296, 306, 764, 721, 297, 570, 650, 463, 90, 536, 500], [837, 254, 137, 164, 802, 757, 510, 885, 269, 222, 569, 909, 304, 127, 27], [26, 57, 731, 333, 289, 7, 939, 552, 214, 807, 644, 384, 62, 295, 465], [889, 537, 821, 328, 132, 294, 825, 344, 564, 424, 67, 154, 664, 319, 321], [108, 42, 507, 13, 665, 990, 498, 929, 450, 637, 79, 361, 724, 60, 425], [737, 722, 276, 679, 685, 159, 304, 762, 864, 732, 280, 262, 589, 594, 391], [497, 885, 884, 327, 834, 880, 908, 830, 471, 375, 360, 34, 867, 135, 107], [920, 278, 800, 541, 932, 746, 437, 675, 366, 772, 417, 210, 206, 146, 343], [621, 268, 900, 351, 35, 502, 876, 886, 387, 686, 357, 846, 712, 353, 745], [430, 944, 245, 244, 348, 931, 953, 928, 520, 69, 443, 266, 368, 31, 61], [633, 763, 701, 104, 562, 11, 248, 187, 328, 581, 674, 430, 339, 287, 190], [109, 827, 836, 520, 370, 1, 6, 682, 192, 23, 451, 434, 89, 593, 250], [110, 983, 875, 180, 854, 611, 919, 138, 911, 444, 361, 364, 967, 461, 242], [644, 497, 221, 656, 240, 194, 835, 777, 792, 945, 687, 131, 956, 442, 456], [94, 721, 352, 619, 644, 797, 269, 337, 145, 306, 831, 873, 970, 963, 716], [260, 381, 220, 981, 137, 985, 257, 110, 777, 211, 931, 477, 267, 455, 9], [997, 983, 360, 277, 34, 135, 999, 91, 229, 426, 877, 109, 920, 281, 270], [981, 723, 440, 768, 233, 111, 836, 271, 195, 329, 41, 855, 948, 10, 525], [959, 104, 515, 637, 694, 689, 465, 662, 376, 200, 189, 225, 478, 342, 568], [201, 563, 511, 111, 596, 878, 539, 881, 66, 526, 481, 681, 756, 144, 203]], [[904, 961, 793, 360, 462, 304, 249, 404, 776, 334, 140, 841, 236, 168, 540], [423, 687, 542, 157, 394, 27, 269, 272, 690, 238, 354, 433, 617, 771, 211], [708, 0, 386, 592, 243, 823, 47, 138, 206, 89, 100, 588, 71, 808, 154], [13, 314, 754, 986, 882, 995, 166, 100, 370, 926, 215, 242, 657, 664, 617], [401, 327, 833, 393, 640, 311, 395, 667, 254, 123, 290, 999, 314, 566, 685], [445, 523, 5, 145, 300, 162, 934, 627, 614, 898, 995, 118, 12, 121, 919], [806, 250, 526, 20, 7, 374, 485, 958, 237, 556, 431, 788, 391, 82, 544], [895, 838, 131, 486, 118, 901, 269, 995, 247, 495, 106, 316, 124, 780, 318], [426, 185, 520, 929, 497, 437, 189, 632, 79, 54, 910, 162, 96, 868, 115], [465, 988, 60, 469, 993, 16, 310, 578, 126, 260, 582, 59, 950, 573, 631], [660, 122, 413, 528, 998, 25, 957, 99, 75, 585, 689, 494, 199, 373, 803], [681, 539, 84, 80, 596, 429, 747, 244, 277, 945, 702, 988, 889, 713, 320], [956, 392, 473, 117, 610, 702, 952, 49, 797, 323, 933, 362, 37, 862, 998], [413, 803, 525, 504, 679, 895, 983, 685, 362, 534, 275, 657, 995, 316, 955], [306, 678, 449, 618, 532, 806, 761, 518, 334, 148, 501, 569, 261, 116, 900], [21, 196, 894, 79, 323, 531, 103, 347, 368, 534, 629, 616, 572, 595, 267], [64, 999, 426, 698, 247, 492, 707, 949, 454, 143, 858, 4, 483, 837, 592], [403, 593, 45, 207, 289, 84, 954, 650, 334, 541, 823, 693, 445, 176, 832], [271, 478, 479, 936, 232, 244, 947, 490, 393, 332, 662, 335, 906, 594, 100], [851, 102, 889, 364, 505, 710, 873, 424, 295, 98, 547, 224, 730, 909, 85], [812, 684, 1, 230, 817, 667, 907, 837, 215, 82, 570, 693, 366, 625, 145], [179, 424, 752, 72, 86, 180, 414, 976, 650, 923, 727, 549, 539, 411, 776], [229, 191, 738, 33, 799, 318, 297, 214, 445, 75, 328, 563, 36, 70, 495], [764, 111, 23, 768, 414, 687, 256, 930, 732, 286, 395, 274, 179, 947, 556], [252, 427, 660, 188, 422, 517, 166, 12, 966, 230, 825, 980, 617, 666, 829]], [[127, 98, 316, 218, 23, 869, 353, 334, 234, 636, 844, 483, 731, 695, 213], [56, 519, 628, 831, 776, 92, 863, 358, 570, 858, 719, 846, 503, 93, 820], [18, 117, 485, 732, 718, 552, 295, 523, 862, 642, 614, 496, 488, 107, 520], [523, 510, 983, 281, 563, 471, 935, 100, 837, 520, 126, 590, 562, 122, 978], [860, 275, 533, 196, 270, 605, 719, 496, 288, 59, 302, 544, 787, 616, 52], [610, 609, 743, 412, 692, 112, 522, 94, 806, 920, 172, 143, 51, 30, 752], [580, 492, 979, 609, 326, 674, 216, 27, 160, 586, 527, 324, 662, 262, 957], [64, 486, 613, 852, 371, 222, 37, 541, 90, 87, 240, 763, 520, 366, 960], [723, 390, 670, 269, 835, 70, 896, 656, 214, 528, 145, 236, 10, 788, 95], [376, 206, 347, 801, 247, 693, 528, 148, 793, 122, 697, 188, 20, 957, 633], [676, 594, 22, 29, 148, 208, 646, 91, 431, 868, 384, 612, 321, 838, 944], [989, 965, 48, 857, 262, 21, 53, 426, 418, 352, 486, 888, 229, 955, 4], [368, 164, 546, 441, 622, 125, 537, 327, 914, 490, 794, 902, 402, 130, 169], [556, 88, 162, 466, 273, 528, 886, 507, 254, 965, 401, 625, 606, 433, 138], [485, 875, 452, 871, 336, 132, 529, 895, 501, 31, 919, 295, 606, 731, 580], [954, 428, 854, 535, 907, 612, 66, 523, 934, 398, 414, 616, 526, 540, 21], [159, 884, 85, 330, 771, 974, 418, 149, 544, 54, 998, 980, 712, 743, 184], [17, 374, 53, 241, 322, 792, 567, 960, 141, 543, 988, 997, 437, 382, 670], [216, 851, 177, 320, 191, 904, 176, 459, 186, 589, 642, 341, 475, 70, 733], [558, 334, 964, 835, 59, 974, 27, 293, 593, 951, 949, 291, 543, 822, 651], [519, 393, 246, 507, 907, 195, 145, 335, 903, 960, 864, 223, 795, 264, 262], [521, 584, 119, 665, 378, 659, 427, 89, 251, 418, 210, 441, 984, 397, 982], [577, 344, 502, 345, 999, 679, 445, 466, 878, 574, 731, 248, 200, 436, 428], [264, 919, 692, 303, 100, 431, 873, 689, 424, 511, 304, 74, 905, 389, 705], [448, 300, 746, 172, 575, 66, 984, 414, 87, 390, 838, 523, 703, 765, 785]], [[933, 681, 666, 156, 4, 399, 593, 529, 607, 521, 719, 685, 506, 684, 458], [157, 700, 826, 92, 974, 528, 95, 413, 355, 233, 933, 747, 325, 879, 997], [864, 889, 787, 692, 866, 680, 851, 429, 125, 774, 299, 836, 384, 553, 200], [3, 89, 561, 823, 769, 429, 599, 57, 75, 320, 739, 929, 310, 789, 140], [43, 230, 672, 25, 680, 908, 338, 88, 530, 517, 976, 828, 827, 876, 455], [980, 813, 379, 878, 114, 587, 19, 479, 255, 220, 149, 57, 618, 349, 409], [981, 625, 791, 189, 871, 333, 483, 982, 822, 133, 832, 700, 917, 11, 805], [574, 631, 308, 591, 67, 618, 476, 757, 148, 606, 687, 950, 479, 935, 570], [852, 875, 711, 259, 928, 279, 912, 971, 406, 96, 67, 849, 553, 311, 175], [547, 568, 345, 665, 497, 685, 471, 838, 793, 590, 108, 612, 76, 383, 540], [386, 251, 877, 914, 285, 948, 722, 118, 786, 588, 300, 749, 269, 753, 433], [682, 371, 305, 726, 267, 393, 722, 26, 369, 654, 108, 453, 118, 854, 750], [548, 687, 241, 396, 493, 798, 883, 765, 184, 370, 519, 802, 186, 535, 553], [968, 639, 554, 45, 533, 513, 788, 443, 726, 815, 79, 108, 102, 805, 263], [900, 702, 812, 783, 332, 480, 729, 573, 575, 784, 622, 213, 303, 748, 430], [714, 882, 428, 231, 670, 354, 495, 205, 608, 956, 616, 486, 871, 207, 651], [288, 168, 673, 583, 653, 180, 437, 111, 182, 220, 691, 305, 539, 65, 156], [693, 446, 964, 577, 804, 853, 757, 78, 134, 794, 498, 746, 467, 877, 371], [422, 509, 711, 405, 385, 637, 118, 534, 86, 554, 514, 442, 583, 775, 969], [11, 883, 141, 414, 169, 908, 73, 34, 203, 967, 231, 992, 710, 219, 782], [163, 91, 260, 444, 136, 813, 815, 709, 687, 143, 436, 645, 365, 318, 416], [400, 471, 813, 801, 380, 118, 603, 278, 498, 955, 422, 60, 199, 655, 870], [55, 302, 583, 853, 144, 15, 744, 677, 22, 794, 28, 572, 247, 709, 829], [354, 71, 149, 997, 81, 306, 828, 957, 546, 126, 299, 881, 521, 564, 489], [359, 980, 279, 650, 723, 213, 452, 44, 635, 45, 643, 614, 820, 195, 420]], [[504, 618, 118, 478, 319, 471, 747, 161, 620, 707, 228, 377, 820, 218, 33], [877, 79, 945, 446, 341, 517, 295, 953, 18, 388, 59, 672, 855, 398, 421], [112, 663, 302, 3, 989, 263, 896, 525, 277, 649, 384, 483, 476, 518, 675], [577, 435, 796, 815, 847, 887, 168, 768, 405, 622, 513, 278, 392, 198, 360], [824, 697, 318, 774, 393, 276, 805, 813, 831, 846, 996, 843, 217, 319, 976], [867, 301, 983, 688, 845, 156, 809, 669, 926, 297, 456, 915, 485, 937, 512], [771, 513, 957, 802, 456, 649, 276, 193, 718, 462, 356, 626, 909, 153, 599], [187, 256, 975, 188, 794, 145, 92, 292, 596, 979, 599, 353, 543, 863, 586], [974, 531, 211, 605, 236, 20, 626, 830, 803, 462, 5, 604, 779, 19, 924], [45, 411, 225, 971, 967, 305, 272, 98, 148, 995, 631, 974, 369, 540, 251], [624, 805, 903, 896, 551, 85, 192, 870, 123, 415, 597, 513, 466, 717, 129], [850, 442, 825, 154, 175, 964, 991, 521, 853, 876, 293, 923, 145, 239, 270], [974, 117, 316, 81, 107, 743, 142, 992, 747, 291, 995, 436, 491, 236, 418], [117, 617, 217, 421, 645, 440, 869, 819, 857, 589, 73, 352, 179, 149, 609], [483, 318, 578, 564, 907, 395, 910, 666, 575, 644, 78, 755, 835, 370, 998], [31, 901, 637, 756, 114, 606, 430, 665, 495, 819, 520, 286, 676, 122, 787], [176, 397, 26, 651, 464, 711, 536, 731, 788, 647, 913, 267, 689, 538, 723], [644, 970, 93, 654, 507, 40, 883, 390, 195, 24, 759, 294, 308, 97, 232], [506, 669, 915, 538, 442, 569, 865, 284, 467, 115, 195, 983, 359, 289, 189], [443, 826, 94, 981, 1, 45, 989, 399, 786, 894, 35, 797, 532, 490, 163], [36, 983, 797, 572, 100, 905, 945, 641, 928, 227, 51, 843, 811, 448, 425], [421, 789, 216, 657, 62, 151, 489, 638, 490, 1, 468, 444, 845, 605, 969], [9, 562, 252, 399, 606, 199, 765, 482, 240, 437, 192, 932, 903, 166, 494], [64, 809, 665, 722, 159, 801, 837, 910, 813, 657, 235, 772, 868, 486, 559], [400, 785, 260, 24, 235, 523, 381, 525, 712, 861, 668, 703, 910, 388, 737]], [[431, 487, 700, 724, 428, 354, 548, 977, 408, 995, 521, 869, 18, 601, 255], [988, 649, 800, 968, 25, 997, 510, 36, 17, 517, 347, 521, 928, 158, 31], [28, 266, 299, 469, 852, 921, 437, 548, 343, 140, 441, 801, 478, 473, 161], [66, 637, 248, 506, 819, 157, 810, 165, 833, 290, 120, 821, 449, 797, 612], [421, 95, 811, 818, 520, 341, 745, 278, 713, 729, 353, 531, 619, 661, 149], [359, 683, 835, 262, 879, 895, 386, 101, 440, 588, 813, 438, 330, 456, 614], [400, 943, 394, 701, 304, 387, 94, 331, 181, 637, 729, 895, 455, 419, 969], [635, 946, 443, 107, 369, 853, 849, 486, 347, 787, 145, 693, 591, 942, 885], [42, 941, 680, 23, 318, 347, 39, 764, 280, 495, 464, 290, 992, 977, 568], [430, 328, 964, 881, 536, 137, 761, 330, 654, 65, 849, 349, 726, 704, 185], [474, 669, 793, 452, 304, 21, 386, 27, 349, 972, 766, 404, 161, 854, 337], [964, 361, 353, 28, 425, 123, 549, 106, 312, 487, 257, 237, 319, 974, 838], [196, 568, 771, 573, 159, 915, 727, 579, 937, 982, 962, 544, 978, 767, 715], [363, 621, 400, 917, 780, 215, 718, 170, 583, 770, 985, 730, 303, 325, 706], [416, 781, 471, 988, 101, 709, 210, 516, 869, 470, 566, 518, 659, 822, 18], [891, 533, 175, 81, 148, 406, 106, 391, 163, 558, 642, 182, 822, 279, 325], [34, 572, 503, 734, 966, 879, 793, 752, 624, 341, 490, 708, 318, 201, 533], [408, 402, 588, 630, 70, 585, 93, 471, 849, 529, 393, 472, 213, 3, 825], [817, 14, 641, 994, 362, 778, 272, 789, 399, 656, 612, 770, 4, 649, 919], [732, 632, 948, 931, 435, 107, 922, 578, 222, 966, 800, 35, 719, 620, 762], [771, 611, 828, 659, 917, 620, 757, 524, 320, 381, 618, 559, 706, 601, 692], [261, 668, 432, 205, 178, 440, 828, 180, 884, 360, 848, 134, 129, 513, 448], [189, 484, 844, 609, 647, 446, 431, 688, 862, 222, 804, 368, 986, 168, 507], [411, 309, 350, 925, 966, 147, 880, 105, 569, 470, 71, 938, 716, 720, 146], [226, 358, 232, 994, 914, 593, 481, 509, 970, 977, 221, 457, 240, 526, 453]], [[467, 673, 247, 114, 509, 493, 653, 997, 305, 217, 871, 862, 23, 346, 222], [77, 452, 944, 130, 55, 537, 443, 13, 322, 162, 163, 489, 754, 208, 571], [711, 863, 169, 738, 860, 506, 635, 31, 991, 619, 27, 903, 763, 704, 939], [61, 589, 583, 204, 80, 654, 992, 791, 384, 331, 124, 982, 732, 49, 230], [404, 859, 86, 211, 862, 842, 49, 384, 528, 75, 156, 520, 709, 687, 160], [427, 610, 693, 402, 390, 723, 753, 50, 701, 141, 438, 341, 172, 235, 511], [580, 957, 10, 213, 655, 323, 714, 434, 521, 262, 143, 248, 58, 451, 842], [101, 877, 399, 623, 388, 765, 916, 868, 251, 125, 50, 314, 660, 638, 148], [763, 640, 697, 455, 916, 808, 553, 190, 276, 854, 401, 168, 118, 856, 657], [628, 573, 110, 996, 323, 952, 865, 676, 977, 827, 539, 68, 819, 274, 927], [112, 654, 367, 551, 413, 584, 645, 613, 339, 526, 504, 869, 205, 52, 748], [928, 212, 168, 573, 87, 29, 98, 879, 15, 558, 314, 906, 81, 282, 86], [805, 848, 690, 52, 507, 586, 783, 551, 580, 390, 181, 484, 418, 884, 653], [861, 971, 53, 357, 34, 368, 152, 231, 90, 822, 431, 316, 491, 237, 775], [912, 763, 681, 340, 493, 780, 511, 472, 5, 479, 222, 85, 175, 402, 544], [479, 358, 144, 421, 541, 415, 636, 478, 453, 900, 943, 928, 470, 887, 879], [354, 331, 589, 888, 849, 900, 662, 224, 861, 332, 530, 393, 123, 39, 378], [779, 885, 184, 546, 858, 417, 966, 563, 450, 757, 78, 709, 874, 742, 343], [602, 261, 725, 966, 894, 983, 667, 951, 903, 516, 332, 128, 109, 749, 75], [194, 963, 592, 42, 612, 202, 431, 452, 644, 950, 955, 888, 93, 787, 368], [892, 421, 62, 987, 985, 902, 85, 570, 909, 923, 821, 750, 205, 553, 638], [676, 427, 603, 630, 635, 777, 950, 747, 636, 334, 54, 226, 417, 401, 721], [201, 403, 130, 216, 224, 213, 770, 725, 767, 524, 29, 931, 374, 308, 475], [871, 947, 22, 137, 72, 691, 779, 732, 940, 299, 516, 153, 228, 186, 231], [632, 228, 36, 885, 656, 185, 475, 699, 851, 463, 19, 616, 318, 728, 454]], [[213, 7, 140, 103, 244, 544, 531, 429, 737, 881, 727, 376, 155, 70, 379], [756, 604, 638, 721, 742, 529, 166, 57, 639, 922, 260, 733, 391, 106, 17], [805, 481, 254, 810, 634, 955, 23, 198, 523, 144, 690, 825, 812, 789, 172], [297, 256, 396, 569, 891, 132, 414, 174, 995, 623, 552, 485, 674, 54, 581], [677, 556, 430, 758, 102, 647, 435, 76, 722, 385, 509, 276, 599, 961, 702], [482, 984, 716, 774, 72, 783, 502, 411, 991, 155, 68, 836, 266, 279, 227], [801, 830, 754, 288, 257, 136, 495, 722, 874, 76, 556, 887, 146, 718, 181], [132, 446, 993, 62, 79, 330, 519, 13, 480, 422, 348, 411, 784, 909, 262], [704, 881, 967, 797, 670, 339, 731, 329, 776, 344, 947, 313, 240, 817, 506], [342, 186, 804, 910, 168, 795, 384, 238, 370, 90, 146, 321, 502, 295, 704], [603, 317, 180, 983, 37, 398, 597, 877, 764, 577, 837, 20, 892, 28, 513], [634, 23, 816, 687, 160, 536, 352, 326, 680, 709, 667, 768, 388, 896, 754], [194, 431, 444, 978, 638, 609, 885, 341, 15, 352, 321, 767, 513, 922, 432], [7, 149, 438, 659, 342, 142, 403, 361, 506, 670, 559, 365, 253, 389, 321], [593, 838, 249, 670, 665, 916, 503, 415, 942, 350, 125, 162, 879, 352, 127], [628, 565, 821, 544, 626, 295, 842, 865, 882, 304, 77, 976, 841, 497, 837], [263, 983, 985, 855, 536, 815, 952, 562, 451, 673, 553, 449, 922, 990, 364], [988, 345, 299, 812, 571, 761, 48, 308, 310, 759, 896, 606, 53, 755, 875], [411, 49, 582, 998, 67, 628, 731, 900, 40, 548, 395, 529, 560, 569, 142], [530, 143, 579, 108, 729, 392, 551, 961, 885, 246, 761, 314, 651, 700, 992], [994, 758, 720, 198, 771, 608, 743, 217, 826, 397, 894, 54, 173, 675, 59], [62, 857, 878, 998, 566, 114, 897, 76, 730, 293, 565, 254, 767, 383, 173], [407, 622, 636, 60, 572, 298, 719, 404, 963, 426, 454, 471, 161, 219, 782], [255, 543, 248, 337, 574, 879, 692, 710, 141, 77, 720, 958, 709, 475, 886], [514, 736, 207, 2, 866, 502, 639, 58, 812, 374, 485, 971, 981, 784, 357]], [[938, 802, 888, 595, 14, 59, 785, 29, 575, 91, 883, 58, 242, 716, 844], [711, 108, 798, 926, 444, 732, 825, 797, 961, 745, 40, 683, 650, 416, 96], [874, 755, 418, 887, 49, 467, 358, 296, 392, 321, 952, 507, 719, 832, 625], [803, 357, 937, 746, 331, 806, 390, 782, 197, 195, 638, 372, 728, 535, 534], [939, 26, 478, 397, 687, 194, 705, 412, 784, 997, 889, 497, 501, 476, 845], [295, 627, 385, 288, 518, 305, 499, 458, 825, 77, 324, 111, 657, 616, 713], [959, 455, 327, 426, 511, 122, 448, 247, 18, 42, 209, 613, 549, 435, 853], [755, 30, 240, 615, 62, 632, 232, 406, 981, 842, 947, 68, 467, 86, 616], [520, 830, 255, 897, 954, 415, 359, 986, 863, 594, 909, 336, 216, 848, 568], [211, 880, 272, 729, 99, 773, 531, 312, 512, 209, 500, 886, 805, 570, 928], [508, 629, 698, 389, 395, 995, 783, 828, 893, 260, 578, 571, 114, 58, 619], [809, 86, 206, 217, 486, 279, 170, 831, 13, 920, 434, 804, 869, 72, 333], [218, 489, 627, 942, 386, 161, 428, 177, 733, 727, 590, 150, 990, 369, 626], [317, 892, 515, 237, 755, 657, 820, 701, 949, 97, 550, 930, 571, 313, 968], [12, 694, 746, 705, 220, 656, 341, 175, 931, 3, 858, 507, 466, 136, 38], [137, 799, 432, 577, 873, 228, 323, 955, 149, 292, 684, 231, 674, 138, 236], [104, 652, 645, 634, 120, 195, 18, 261, 977, 485, 118, 636, 72, 0, 722], [59, 787, 466, 909, 535, 942, 263, 266, 113, 471, 467, 328, 55, 83, 388], [245, 673, 929, 837, 639, 369, 787, 572, 54, 419, 917, 775, 833, 997, 358], [227, 963, 437, 462, 171, 365, 729, 962, 458, 585, 326, 844, 985, 703, 659], [34, 684, 54, 276, 295, 805, 194, 875, 473, 97, 544, 152, 46, 388, 652], [96, 177, 40, 95, 703, 563, 665, 865, 420, 501, 899, 320, 304, 437, 50], [731, 953, 49, 902, 649, 65, 161, 96, 955, 451, 848, 516, 738, 295, 854], [132, 363, 102, 85, 582, 210, 194, 495, 178, 96, 538, 515, 35, 390, 882], [731, 136, 67, 125, 557, 596, 455, 142, 987, 81, 868, 25, 380, 810, 57]], [[201, 362, 558, 705, 74, 719, 723, 260, 178, 216, 621, 267, 850, 921, 751], [692, 968, 791, 340, 276, 389, 920, 548, 771, 515, 320, 255, 947, 314, 159], [196, 63, 463, 540, 760, 567, 978, 515, 906, 408, 45, 696, 830, 337, 417], [169, 982, 418, 941, 51, 722, 324, 546, 57, 247, 784, 544, 189, 300, 654], [664, 552, 594, 182, 843, 33, 196, 64, 120, 235, 907, 705, 912, 749, 365], [85, 898, 395, 828, 56, 789, 104, 731, 133, 77, 967, 94, 279, 908, 667], [213, 12, 809, 232, 153, 237, 521, 348, 991, 687, 281, 354, 155, 157, 603], [960, 986, 103, 627, 374, 261, 784, 805, 157, 901, 817, 656, 430, 72, 896], [178, 383, 663, 634, 562, 665, 908, 392, 4, 241, 653, 253, 633, 478, 811], [338, 303, 944, 197, 832, 281, 434, 205, 920, 436, 753, 276, 734, 546, 607], [792, 678, 222, 730, 715, 236, 694, 710, 407, 632, 285, 445, 460, 452, 49], [338, 174, 480, 625, 689, 675, 548, 578, 165, 735, 206, 278, 898, 69, 479], [155, 13, 471, 603, 418, 392, 975, 527, 535, 675, 960, 805, 288, 119, 142], [172, 18, 281, 144, 951, 417, 593, 526, 48, 454, 612, 428, 833, 8, 665], [498, 641, 769, 319, 322, 521, 93, 508, 161, 337, 985, 859, 213, 577, 877], [696, 456, 544, 762, 19, 344, 991, 672, 422, 4, 124, 947, 859, 780, 171], [575, 284, 269, 876, 735, 909, 558, 196, 319, 222, 759, 808, 729, 38, 470], [398, 746, 505, 337, 539, 332, 859, 82, 850, 99, 258, 129, 173, 957, 278], [407, 49, 338, 56, 782, 981, 50, 132, 408, 874, 216, 739, 872, 430, 766], [392, 153, 523, 443, 597, 539, 631, 169, 484, 367, 471, 125, 996, 801, 408], [112, 681, 122, 720, 275, 24, 890, 305, 181, 679, 394, 624, 487, 998, 269], [717, 832, 390, 921, 59, 525, 886, 972, 65, 178, 163, 735, 605, 983, 701], [978, 128, 788, 834, 180, 914, 823, 404, 809, 444, 412, 922, 710, 989, 88], [352, 864, 600, 315, 648, 336, 901, 508, 946, 428, 296, 590, 49, 836, 351], [869, 849, 64, 110, 372, 916, 155, 357, 680, 884, 70, 446, 564, 187, 344]]], [[[675, 678, 327, 768, 937, 851, 482, 402, 38, 552, 358, 558, 964, 80, 735], [55, 36, 646, 740, 275, 675, 789, 815, 550, 180, 657, 502, 86, 138, 255], [881, 234, 993, 506, 341, 195, 143, 621, 919, 320, 19, 869, 238, 932, 564], [708, 445, 265, 246, 55, 620, 381, 579, 107, 794, 770, 16, 810, 919, 543], [224, 567, 398, 295, 522, 373, 987, 315, 69, 743, 385, 722, 63, 670, 641], [971, 305, 390, 810, 941, 927, 998, 670, 685, 333, 104, 49, 613, 589, 232], [555, 465, 592, 373, 161, 36, 168, 45, 302, 570, 410, 985, 786, 85, 387], [82, 915, 361, 858, 452, 565, 316, 215, 417, 668, 86, 869, 495, 510, 336], [130, 443, 404, 5, 213, 645, 319, 576, 193, 741, 842, 910, 453, 243, 965], [768, 381, 56, 229, 396, 204, 566, 474, 619, 816, 990, 59, 542, 439, 748], [429, 189, 739, 822, 35, 332, 501, 797, 300, 627, 622, 616, 653, 185, 117], [349, 453, 833, 310, 28, 514, 180, 235, 924, 897, 967, 999, 803, 710, 67], [354, 459, 544, 352, 754, 577, 430, 37, 327, 407, 160, 570, 69, 422, 59], [701, 564, 552, 454, 937, 432, 752, 941, 945, 641, 857, 274, 48, 282, 765], [431, 518, 27, 896, 759, 531, 230, 879, 585, 118, 783, 359, 198, 713, 694], [67, 233, 536, 2, 114, 203, 544, 16, 992, 458, 196, 217, 810, 487, 265], [933, 743, 500, 691, 735, 164, 162, 101, 599, 243, 518, 141, 474, 690, 759], [496, 252, 29, 75, 64, 419, 540, 480, 531, 142, 951, 600, 859, 162, 751], [2, 734, 836, 83, 419, 968, 31, 481, 904, 365, 468, 562, 301, 298, 97], [163, 935, 149, 848, 262, 901, 629, 417, 217, 784, 64, 194, 861, 609, 832], [264, 913, 819, 174, 189, 118, 711, 535, 754, 438, 983, 100, 657, 843, 318], [175, 606, 354, 786, 813, 289, 656, 542, 985, 468, 273, 270, 203, 960, 643], [731, 273, 222, 649, 394, 213, 121, 470, 243, 103, 221, 31, 44, 29, 97], [27, 778, 540, 225, 772, 872, 405, 173, 578, 419, 122, 450, 954, 723, 946], [207, 182, 973, 122, 809, 549, 760, 976, 92, 79, 299, 14, 159, 583, 840]], [[301, 692, 389, 734, 346, 986, 506, 981, 597, 213, 795, 186, 732, 312, 680], [522, 432, 898, 902, 552, 966, 875, 925, 965, 485, 47, 772, 181, 205, 628], [985, 748, 388, 311, 913, 114, 565, 861, 419, 849, 601, 423, 679, 880, 158], [299, 234, 397, 249, 134, 199, 610, 383, 983, 932, 160, 742, 202, 658, 406], [267, 461, 302, 823, 829, 338, 399, 42, 153, 342, 158, 778, 253, 259, 60], [400, 585, 984, 382, 987, 740, 783, 913, 162, 966, 233, 368, 857, 388, 349], [732, 223, 843, 56, 549, 695, 74, 353, 710, 633, 719, 93, 638, 281, 860], [44, 341, 73, 665, 965, 126, 765, 428, 209, 953, 462, 673, 238, 290, 884], [894, 460, 781, 568, 318, 505, 641, 145, 240, 985, 857, 492, 68, 962, 184], [882, 782, 890, 870, 939, 431, 409, 392, 301, 193, 279, 265, 984, 590, 515], [108, 686, 267, 788, 318, 647, 974, 87, 696, 822, 174, 860, 227, 169, 936], [326, 342, 634, 682, 592, 162, 798, 24, 569, 285, 323, 383, 522, 93, 584], [235, 183, 749, 308, 875, 72, 559, 450, 797, 374, 718, 437, 128, 79, 476], [352, 831, 747, 405, 970, 638, 881, 470, 932, 564, 533, 859, 231, 247, 0], [980, 185, 221, 931, 391, 631, 491, 451, 105, 684, 890, 693, 688, 649, 189], [816, 932, 331, 724, 366, 438, 377, 892, 486, 131, 146, 470, 688, 644, 281], [292, 631, 767, 156, 168, 599, 769, 510, 96, 520, 86, 263, 184, 753, 453], [316, 77, 111, 624, 830, 506, 966, 245, 520, 927, 935, 937, 554, 980, 644], [136, 355, 935, 701, 293, 387, 240, 927, 894, 726, 52, 612, 610, 436, 951], [647, 305, 619, 127, 456, 789, 182, 896, 984, 444, 935, 449, 633, 820, 124], [861, 359, 185, 556, 801, 686, 880, 647, 837, 710, 209, 335, 49, 964, 43], [956, 824, 109, 315, 888, 346, 572, 811, 639, 857, 389, 643, 541, 414, 157], [218, 138, 797, 271, 114, 780, 829, 6, 188, 136, 650, 52, 540, 781, 362], [885, 669, 761, 82, 855, 358, 230, 977, 110, 33, 345, 960, 711, 135, 895], [225, 533, 259, 509, 151, 768, 285, 755, 34, 109, 719, 86, 213, 602, 608]], [[986, 109, 750, 434, 53, 998, 878, 379, 335, 888, 758, 665, 93, 446, 692], [414, 492, 313, 496, 829, 306, 675, 526, 11, 394, 224, 776, 845, 378, 802], [843, 980, 233, 774, 329, 719, 38, 196, 895, 279, 860, 182, 582, 907, 511], [191, 299, 673, 997, 801, 90, 931, 431, 613, 417, 237, 500, 450, 986, 491], [913, 790, 697, 685, 646, 353, 41, 460, 212, 677, 578, 928, 604, 28, 557], [85, 592, 422, 606, 346, 39, 28, 123, 438, 515, 973, 613, 848, 61, 872], [387, 568, 756, 891, 554, 941, 851, 661, 5, 468, 594, 292, 310, 274, 25], [28, 25, 79, 221, 450, 585, 682, 341, 537, 501, 991, 399, 59, 672, 915], [865, 931, 568, 85, 462, 767, 747, 151, 111, 364, 260, 258, 369, 83, 74], [231, 921, 674, 653, 244, 640, 122, 85, 67, 359, 906, 119, 445, 981, 61], [413, 500, 18, 883, 611, 720, 163, 887, 420, 383, 173, 865, 205, 359, 57], [581, 438, 822, 469, 761, 787, 316, 358, 81, 223, 406, 478, 45, 885, 593], [948, 615, 882, 543, 144, 444, 870, 812, 726, 368, 89, 107, 981, 640, 395], [221, 129, 255, 666, 214, 212, 681, 111, 345, 455, 288, 837, 360, 920, 667], [801, 699, 737, 280, 317, 39, 937, 517, 127, 0, 995, 759, 364, 719, 898], [74, 410, 669, 419, 383, 413, 405, 316, 465, 562, 279, 387, 196, 462, 69], [465, 770, 78, 288, 278, 186, 353, 589, 122, 709, 798, 773, 222, 499, 856], [888, 994, 226, 972, 732, 735, 180, 950, 244, 608, 129, 852, 877, 45, 963], [432, 323, 676, 772, 170, 733, 627, 915, 234, 509, 942, 156, 401, 548, 841], [662, 278, 87, 155, 674, 55, 18, 643, 436, 191, 667, 67, 774, 646, 620], [954, 800, 751, 489, 466, 682, 684, 151, 662, 386, 4, 991, 891, 436, 200], [691, 628, 154, 352, 995, 21, 670, 202, 242, 286, 331, 814, 917, 166, 267], [773, 37, 377, 891, 175, 59, 108, 61, 843, 214, 515, 609, 441, 94, 273], [192, 34, 132, 299, 453, 163, 713, 671, 650, 869, 639, 138, 659, 695, 768], [698, 611, 91, 388, 720, 170, 915, 861, 282, 887, 730, 862, 10, 0, 731]], [[213, 712, 302, 784, 63, 183, 418, 101, 120, 355, 651, 981, 855, 179, 26], [588, 790, 339, 410, 949, 597, 984, 569, 501, 996, 513, 295, 670, 761, 241], [987, 652, 331, 27, 530, 897, 519, 464, 156, 731, 852, 616, 588, 56, 487], [182, 262, 640, 791, 62, 111, 444, 208, 393, 989, 919, 91, 199, 186, 744], [19, 301, 14, 122, 926, 221, 310, 82, 144, 374, 7, 522, 543, 545, 25], [894, 91, 586, 659, 859, 19, 819, 721, 498, 719, 212, 607, 479, 21, 591], [637, 598, 710, 86, 58, 658, 444, 54, 403, 761, 680, 509, 646, 259, 715], [568, 77, 271, 79, 977, 457, 539, 927, 703, 751, 508, 753, 244, 741, 675], [941, 643, 786, 194, 766, 335, 590, 631, 263, 78, 610, 554, 930, 932, 108], [718, 284, 422, 427, 111, 920, 635, 466, 976, 400, 485, 251, 684, 673, 597], [749, 225, 168, 56, 782, 730, 464, 139, 612, 912, 436, 615, 672, 188, 244], [210, 169, 964, 483, 399, 226, 898, 102, 677, 47, 883, 690, 259, 114, 447], [646, 741, 379, 590, 801, 900, 456, 874, 759, 20, 992, 949, 338, 679, 717], [598, 949, 177, 777, 28, 566, 223, 699, 825, 867, 559, 103, 985, 705, 843], [823, 74, 845, 927, 999, 793, 558, 0, 898, 11, 599, 766, 830, 389, 615], [262, 293, 727, 762, 947, 577, 997, 744, 832, 321, 769, 868, 244, 854, 583], [648, 205, 132, 518, 693, 316, 317, 457, 919, 411, 108, 961, 645, 968, 77], [727, 565, 716, 394, 623, 941, 421, 459, 213, 56, 173, 32, 404, 247, 923], [409, 964, 740, 714, 495, 129, 430, 728, 14, 933, 210, 748, 137, 36, 133], [425, 219, 269, 169, 366, 793, 82, 814, 636, 623, 315, 600, 12, 127, 901], [640, 988, 726, 842, 132, 732, 952, 561, 921, 518, 312, 481, 691, 536, 315], [841, 617, 155, 933, 97, 878, 703, 472, 18, 609, 89, 193, 161, 85, 638], [892, 123, 979, 668, 445, 733, 482, 353, 631, 157, 499, 311, 470, 87, 334], [745, 772, 54, 758, 897, 38, 717, 8, 93, 12, 551, 231, 342, 665, 346], [265, 349, 850, 634, 854, 87, 510, 346, 334, 917, 296, 546, 802, 631, 503]], [[245, 818, 836, 776, 106, 355, 609, 705, 412, 930, 842, 175, 105, 723, 496], [448, 383, 635, 766, 28, 923, 887, 38, 391, 514, 499, 497, 655, 243, 641], [58, 591, 992, 189, 230, 453, 247, 893, 435, 875, 666, 905, 979, 473, 429], [704, 3, 720, 212, 941, 6, 636, 576, 439, 42, 453, 757, 649, 317, 362], [617, 252, 379, 455, 176, 31, 563, 622, 70, 130, 140, 513, 390, 335, 490], [372, 504, 851, 332, 471, 73, 690, 294, 428, 78, 722, 251, 616, 2, 193], [365, 327, 956, 294, 572, 581, 266, 783, 546, 401, 306, 241, 811, 261, 390], [370, 319, 430, 981, 578, 114, 200, 514, 741, 880, 175, 153, 520, 544, 149], [804, 862, 922, 129, 672, 237, 360, 425, 688, 960, 389, 265, 805, 37, 751], [587, 910, 583, 605, 948, 311, 958, 731, 518, 434, 940, 812, 875, 868, 598], [696, 235, 971, 226, 810, 173, 165, 952, 860, 212, 795, 159, 78, 133, 296], [905, 79, 726, 754, 872, 930, 147, 729, 599, 140, 359, 753, 20, 935, 637], [302, 257, 609, 98, 25, 906, 5, 651, 948, 889, 46, 961, 446, 21, 188], [735, 91, 624, 431, 988, 664, 768, 929, 454, 320, 776, 533, 272, 4, 132], [666, 20, 218, 940, 200, 656, 912, 204, 918, 440, 985, 945, 532, 627, 67], [582, 187, 717, 900, 501, 267, 796, 299, 474, 552, 102, 20, 156, 720, 145], [187, 699, 48, 666, 538, 51, 183, 438, 40, 470, 587, 641, 478, 349, 139], [457, 156, 232, 24, 347, 305, 333, 1, 719, 93, 459, 196, 641, 932, 210], [989, 443, 55, 163, 24, 75, 839, 252, 916, 36, 715, 812, 416, 50, 651], [293, 858, 965, 368, 167, 329, 778, 557, 753, 143, 816, 909, 979, 952, 352], [138, 712, 436, 884, 529, 357, 282, 879, 814, 871, 442, 585, 416, 167, 671], [115, 261, 667, 334, 821, 299, 51, 24, 942, 420, 202, 446, 36, 886, 486], [823, 462, 384, 651, 768, 315, 537, 795, 255, 343, 38, 844, 91, 814, 495], [603, 564, 854, 514, 693, 124, 996, 144, 239, 934, 526, 375, 932, 581, 407], [474, 980, 3, 260, 654, 377, 774, 361, 324, 933, 878, 230, 176, 889, 584]], [[53, 506, 994, 240, 222, 945, 336, 360, 253, 204, 95, 295, 82, 362, 239], [705, 386, 223, 465, 884, 273, 137, 512, 761, 624, 770, 471, 289, 332, 394], [804, 52, 583, 600, 891, 497, 305, 751, 400, 475, 117, 466, 32, 615, 255], [928, 635, 708, 14, 538, 317, 276, 562, 693, 830, 425, 421, 825, 288, 874], [823, 72, 852, 370, 300, 171, 855, 44, 456, 421, 125, 48, 902, 505, 848], [618, 12, 343, 725, 294, 644, 919, 994, 799, 599, 989, 365, 265, 139, 581], [629, 367, 903, 768, 457, 826, 924, 19, 698, 517, 991, 471, 783, 20, 754], [731, 15, 908, 531, 733, 91, 75, 897, 32, 724, 35, 47, 508, 226, 63], [868, 366, 536, 131, 84, 344, 363, 408, 307, 840, 597, 950, 896, 337, 278], [979, 964, 55, 762, 656, 937, 159, 765, 915, 134, 378, 842, 547, 739, 47], [47, 832, 984, 697, 912, 216, 711, 727, 31, 217, 803, 996, 341, 454, 599], [975, 436, 179, 271, 863, 362, 576, 608, 848, 14, 425, 957, 469, 131, 42], [515, 557, 344, 687, 862, 685, 624, 90, 258, 268, 602, 551, 827, 917, 53], [214, 532, 443, 823, 923, 175, 341, 897, 17, 640, 98, 267, 675, 533, 904], [265, 195, 922, 866, 392, 174, 343, 475, 964, 911, 152, 567, 575, 900, 40], [341, 377, 401, 954, 45, 365, 723, 531, 740, 240, 963, 789, 417, 117, 558], [81, 699, 774, 162, 403, 421, 827, 778, 123, 63, 817, 991, 445, 945, 906], [480, 184, 63, 55, 810, 40, 790, 741, 599, 78, 129, 659, 65, 939, 837], [895, 697, 659, 357, 715, 847, 746, 191, 558, 480, 280, 105, 907, 3, 878], [352, 852, 772, 728, 827, 311, 8, 168, 760, 25, 83, 333, 119, 857, 461], [429, 649, 632, 585, 290, 434, 883, 6, 366, 406, 782, 383, 857, 436, 103], [877, 330, 533, 794, 181, 154, 562, 595, 653, 370, 652, 625, 282, 605, 235], [687, 162, 238, 47, 440, 710, 206, 749, 609, 952, 964, 497, 502, 767, 222], [725, 611, 408, 534, 678, 96, 183, 687, 237, 914, 184, 645, 816, 848, 224], [864, 390, 330, 244, 648, 247, 503, 929, 46, 237, 544, 379, 705, 62, 405]], [[902, 566, 923, 577, 77, 702, 83, 34, 328, 580, 215, 971, 48, 66, 466], [79, 500, 592, 953, 827, 367, 173, 519, 868, 476, 369, 681, 189, 107, 316], [611, 16, 675, 822, 42, 229, 793, 894, 203, 860, 420, 591, 603, 698, 28], [830, 576, 206, 341, 963, 736, 427, 500, 71, 708, 20, 495, 78, 181, 450], [172, 208, 62, 600, 273, 170, 938, 100, 352, 90, 833, 319, 414, 364, 806], [656, 197, 877, 130, 519, 847, 440, 374, 127, 719, 166, 390, 372, 793, 91], [665, 238, 12, 456, 817, 103, 350, 793, 22, 858, 182, 546, 579, 254, 127], [573, 912, 311, 213, 72, 182, 684, 137, 974, 236, 444, 815, 277, 971, 997], [755, 263, 151, 488, 808, 210, 691, 412, 704, 801, 662, 312, 222, 981, 823], [174, 869, 669, 808, 218, 569, 922, 753, 89, 880, 119, 826, 233, 431, 253], [518, 586, 372, 793, 533, 731, 31, 198, 782, 686, 364, 627, 201, 951, 113], [614, 219, 652, 477, 858, 957, 753, 885, 906, 716, 331, 252, 515, 863, 323], [792, 8, 680, 108, 748, 556, 519, 274, 806, 548, 304, 172, 896, 327, 612], [157, 492, 303, 565, 30, 704, 782, 650, 858, 155, 635, 984, 3, 216, 91], [0, 733, 711, 577, 735, 78, 64, 410, 178, 365, 354, 932, 271, 633, 669], [815, 964, 282, 397, 239, 378, 735, 688, 55, 759, 145, 413, 388, 240, 705], [379, 232, 245, 439, 530, 417, 326, 444, 611, 161, 191, 627, 42, 486, 423], [528, 351, 825, 642, 484, 744, 230, 772, 464, 917, 730, 105, 179, 138, 595], [787, 523, 438, 872, 285, 443, 171, 544, 325, 323, 730, 543, 372, 402, 77], [266, 990, 293, 378, 235, 919, 933, 666, 46, 915, 134, 467, 873, 979, 32], [213, 232, 666, 861, 693, 851, 691, 102, 564, 479, 536, 248, 378, 59, 106], [429, 370, 932, 776, 536, 896, 951, 192, 319, 472, 621, 581, 759, 771, 353], [193, 406, 493, 181, 855, 684, 904, 839, 918, 426, 378, 448, 842, 611, 295], [546, 809, 869, 407, 715, 555, 940, 904, 848, 983, 458, 887, 448, 600, 66], [165, 53, 215, 957, 857, 44, 160, 971, 543, 352, 301, 570, 358, 146, 65]], [[920, 146, 583, 706, 819, 228, 353, 23, 845, 126, 506, 114, 310, 258, 323], [398, 168, 990, 588, 912, 987, 285, 853, 118, 122, 736, 928, 454, 150, 23], [44, 915, 722, 739, 786, 256, 9, 437, 247, 551, 180, 393, 216, 903, 289], [774, 279, 857, 824, 935, 976, 180, 326, 15, 185, 157, 549, 848, 844, 223], [213, 293, 762, 717, 274, 26, 615, 839, 816, 67, 691, 836, 232, 749, 881], [460, 761, 810, 652, 65, 389, 734, 661, 962, 928, 618, 78, 637, 279, 278], [272, 317, 149, 944, 348, 4, 835, 211, 764, 751, 884, 989, 109, 377, 260], [625, 181, 302, 976, 821, 884, 757, 579, 60, 913, 53, 12, 768, 536, 432], [692, 925, 385, 484, 29, 640, 220, 46, 80, 767, 323, 518, 38, 751, 443], [671, 176, 980, 49, 484, 524, 893, 389, 535, 549, 986, 218, 145, 440, 245], [728, 275, 849, 449, 22, 756, 511, 609, 147, 77, 634, 784, 870, 155, 693], [701, 463, 881, 23, 909, 968, 386, 120, 488, 520, 553, 334, 121, 162, 661], [166, 515, 666, 988, 470, 587, 710, 915, 688, 484, 396, 931, 966, 318, 12], [945, 640, 717, 343, 994, 855, 642, 949, 884, 744, 122, 928, 24, 498, 865], [58, 456, 495, 452, 34, 612, 585, 381, 129, 683, 225, 427, 604, 941, 689], [494, 397, 299, 995, 888, 142, 438, 856, 578, 952, 574, 316, 192, 205, 899], [438, 80, 254, 159, 901, 763, 888, 705, 494, 570, 854, 31, 639, 619, 807], [317, 240, 330, 713, 368, 975, 867, 863, 558, 282, 111, 529, 581, 410, 849], [854, 585, 535, 920, 168, 771, 760, 244, 68, 217, 490, 122, 235, 770, 858], [935, 444, 285, 140, 988, 85, 376, 207, 466, 649, 903, 181, 247, 334, 754], [636, 905, 304, 731, 967, 335, 120, 913, 362, 986, 99, 151, 178, 947, 439], [817, 490, 956, 381, 876, 2, 790, 21, 925, 79, 861, 259, 325, 441, 590], [368, 773, 117, 169, 201, 700, 873, 6, 248, 963, 559, 916, 550, 121, 547], [744, 777, 614, 85, 986, 327, 915, 450, 834, 49, 221, 410, 492, 525, 945], [108, 791, 354, 275, 214, 520, 779, 139, 212, 334, 738, 897, 528, 435, 972]], [[560, 406, 260, 186, 621, 670, 685, 90, 216, 611, 546, 701, 197, 87, 927], [37, 329, 739, 859, 49, 446, 632, 396, 29, 836, 517, 720, 886, 114, 391], [367, 639, 629, 605, 177, 404, 498, 690, 692, 782, 686, 839, 117, 506, 969], [769, 114, 346, 627, 59, 736, 389, 408, 422, 6, 685, 956, 963, 765, 676], [864, 36, 247, 396, 109, 829, 207, 831, 914, 713, 538, 488, 327, 212, 357], [741, 305, 791, 120, 258, 973, 27, 812, 804, 0, 517, 994, 982, 29, 788], [725, 996, 981, 83, 678, 345, 941, 31, 309, 313, 504, 493, 579, 968, 375], [650, 550, 126, 331, 797, 121, 58, 776, 68, 878, 741, 820, 355, 395, 574], [371, 84, 0, 303, 842, 664, 432, 576, 497, 383, 936, 48, 554, 107, 390], [893, 631, 900, 526, 242, 920, 325, 822, 223, 118, 998, 955, 388, 734, 230], [212, 50, 121, 384, 492, 925, 41, 591, 558, 757, 636, 824, 433, 823, 49], [889, 879, 151, 317, 569, 36, 739, 651, 339, 433, 484, 631, 476, 742, 782], [693, 270, 851, 646, 628, 315, 306, 965, 522, 711, 181, 612, 868, 350, 582], [543, 751, 632, 190, 176, 851, 580, 790, 732, 189, 116, 628, 331, 332, 63], [928, 155, 653, 619, 190, 757, 5, 159, 191, 834, 601, 882, 461, 665, 170], [847, 913, 759, 345, 558, 918, 745, 468, 885, 192, 79, 629, 768, 265, 363], [211, 307, 184, 293, 756, 548, 657, 363, 791, 554, 268, 292, 817, 609, 103], [135, 703, 10, 308, 910, 693, 289, 820, 978, 425, 503, 989, 509, 102, 356], [239, 857, 963, 321, 952, 749, 139, 555, 616, 532, 150, 709, 668, 717, 686], [776, 12, 431, 896, 72, 135, 545, 283, 222, 814, 924, 561, 195, 229, 18], [825, 543, 320, 388, 595, 723, 470, 718, 645, 405, 107, 87, 908, 740, 698], [573, 840, 766, 593, 289, 746, 972, 422, 199, 366, 175, 253, 473, 725, 533], [491, 939, 459, 283, 458, 710, 660, 19, 974, 196, 628, 994, 21, 795, 579], [734, 359, 856, 946, 317, 190, 797, 185, 923, 860, 366, 101, 64, 489, 388], [147, 423, 291, 101, 329, 499, 370, 857, 54, 520, 868, 991, 963, 144, 256]], [[416, 362, 463, 563, 826, 45, 706, 209, 106, 265, 742, 590, 644, 161, 764], [894, 822, 777, 248, 766, 578, 366, 225, 802, 996, 500, 680, 473, 94, 481], [496, 549, 698, 918, 270, 130, 854, 527, 435, 913, 695, 950, 325, 237, 80], [906, 109, 947, 641, 169, 288, 511, 365, 678, 55, 184, 561, 649, 18, 529], [660, 648, 231, 238, 96, 694, 363, 658, 220, 833, 181, 468, 548, 530, 801], [34, 23, 341, 812, 177, 84, 262, 274, 453, 127, 690, 727, 918, 468, 182], [75, 237, 255, 943, 105, 739, 722, 848, 903, 939, 635, 875, 3, 123, 503], [90, 763, 516, 403, 940, 557, 878, 285, 575, 150, 277, 966, 1, 132, 459], [146, 825, 877, 333, 933, 105, 455, 524, 678, 603, 972, 445, 483, 970, 612], [374, 936, 464, 48, 67, 575, 557, 68, 241, 678, 942, 260, 758, 655, 319], [796, 468, 604, 622, 111, 175, 378, 991, 597, 901, 981, 332, 388, 599, 422], [633, 199, 336, 30, 887, 34, 983, 35, 91, 296, 54, 160, 65, 117, 226], [951, 90, 105, 640, 742, 54, 911, 213, 828, 989, 894, 948, 917, 570, 839], [998, 960, 577, 115, 865, 431, 116, 20, 16, 509, 525, 216, 598, 613, 829], [929, 336, 762, 238, 644, 939, 314, 574, 17, 171, 38, 509, 445, 846, 427], [397, 690, 242, 935, 313, 112, 865, 83, 994, 655, 122, 893, 105, 826, 979], [616, 758, 88, 793, 565, 526, 87, 438, 52, 869, 662, 194, 8, 192, 414], [790, 942, 786, 6, 406, 758, 498, 941, 671, 978, 864, 505, 102, 430, 335], [519, 689, 272, 189, 363, 405, 595, 777, 581, 588, 669, 453, 362, 911, 41], [794, 923, 789, 174, 41, 309, 133, 11, 121, 207, 424, 885, 999, 849, 988], [812, 717, 177, 451, 52, 937, 121, 691, 521, 737, 58, 551, 280, 903, 845], [567, 758, 908, 130, 844, 715, 726, 232, 615, 113, 888, 241, 762, 98, 448], [794, 250, 534, 268, 228, 941, 446, 210, 264, 58, 880, 988, 767, 345, 984], [709, 126, 646, 359, 875, 762, 562, 926, 250, 578, 426, 507, 614, 409, 679], [664, 322, 218, 865, 165, 414, 442, 81, 918, 488, 453, 861, 507, 831, 438]]], [[[564, 34, 516, 259, 822, 906, 35, 137, 974, 657, 266, 726, 955, 982, 942], [794, 648, 488, 585, 372, 778, 319, 89, 645, 272, 625, 297, 347, 167, 614], [556, 622, 513, 694, 584, 755, 293, 359, 444, 443, 279, 723, 239, 962, 703], [51, 253, 303, 809, 971, 516, 480, 404, 759, 500, 588, 952, 39, 808, 488], [958, 315, 794, 198, 73, 731, 280, 743, 365, 476, 899, 888, 432, 878, 799], [318, 131, 189, 807, 356, 192, 506, 723, 836, 396, 755, 367, 946, 8, 536], [698, 582, 380, 638, 955, 777, 357, 537, 574, 951, 46, 340, 255, 245, 344], [581, 608, 707, 672, 336, 854, 755, 595, 605, 507, 432, 939, 765, 973, 203], [454, 308, 903, 59, 164, 944, 728, 509, 109, 428, 935, 876, 777, 526, 702], [828, 423, 608, 156, 64, 809, 268, 892, 866, 928, 606, 271, 955, 789, 776], [224, 408, 373, 700, 254, 303, 366, 398, 433, 859, 61, 739, 227, 910, 383], [859, 593, 290, 559, 332, 903, 528, 502, 732, 904, 373, 183, 698, 458, 196], [731, 600, 65, 448, 883, 208, 9, 464, 87, 78, 360, 827, 48, 391, 173], [435, 129, 24, 285, 542, 239, 325, 819, 627, 777, 654, 32, 817, 357, 547], [526, 717, 917, 419, 850, 840, 740, 61, 889, 45, 511, 656, 671, 793, 594], [864, 510, 946, 576, 74, 42, 571, 914, 513, 116, 158, 346, 453, 809, 472], [735, 724, 14, 559, 454, 104, 794, 3, 558, 513, 79, 157, 422, 8, 499], [292, 539, 558, 574, 554, 804, 297, 891, 327, 866, 595, 769, 494, 138, 580], [307, 92, 147, 735, 612, 396, 636, 620, 233, 52, 310, 353, 571, 374, 404], [610, 715, 165, 91, 263, 903, 722, 220, 611, 690, 400, 243, 45, 418, 147], [471, 538, 527, 672, 725, 21, 40, 396, 298, 507, 602, 667, 963, 463, 961], [249, 606, 449, 984, 549, 827, 481, 326, 565, 870, 455, 718, 186, 152, 223], [521, 892, 147, 916, 183, 915, 126, 51, 621, 846, 691, 100, 703, 185, 190], [9, 280, 277, 800, 196, 871, 986, 445, 936, 450, 819, 336, 586, 666, 462], [191, 511, 838, 870, 525, 127, 965, 954, 169, 67, 442, 177, 564, 421, 22]], [[810, 183, 574, 763, 713, 65, 539, 233, 3, 20, 793, 426, 817, 243, 959], [264, 140, 660, 776, 545, 680, 760, 365, 924, 422, 348, 901, 42, 4, 111], [876, 973, 832, 592, 821, 867, 871, 284, 241, 524, 926, 613, 429, 525, 337], [610, 525, 194, 444, 798, 593, 755, 334, 179, 922, 898, 923, 337, 404, 685], [271, 159, 165, 515, 59, 786, 974, 322, 589, 690, 412, 433, 607, 13, 246], [703, 353, 111, 732, 890, 345, 657, 244, 865, 640, 252, 30, 109, 848, 18], [128, 759, 546, 360, 419, 668, 102, 50, 859, 54, 432, 393, 390, 464, 568], [182, 195, 206, 322, 22, 338, 933, 226, 894, 33, 823, 787, 168, 861, 847], [782, 694, 906, 111, 269, 881, 158, 860, 695, 680, 109, 281, 37, 57, 510], [982, 457, 672, 127, 258, 491, 612, 585, 162, 909, 993, 473, 577, 969, 762], [309, 353, 924, 876, 767, 789, 809, 439, 126, 43, 843, 702, 4, 53, 303], [928, 882, 640, 686, 421, 55, 610, 692, 703, 92, 704, 525, 424, 287, 970], [596, 170, 703, 45, 995, 23, 68, 203, 394, 653, 588, 673, 10, 215, 617], [731, 64, 990, 169, 474, 715, 785, 32, 230, 983, 448, 166, 440, 871, 455], [199, 251, 218, 437, 778, 844, 249, 871, 97, 439, 313, 84, 787, 665, 757], [579, 783, 275, 109, 302, 68, 652, 761, 610, 34, 352, 269, 718, 959, 384], [861, 733, 218, 348, 697, 896, 774, 785, 915, 201, 484, 950, 610, 439, 631], [396, 689, 357, 453, 379, 941, 168, 668, 115, 764, 315, 854, 718, 349, 311], [889, 922, 712, 678, 460, 414, 48, 375, 618, 305, 162, 289, 755, 367, 642], [309, 750, 505, 513, 195, 55, 63, 4, 765, 187, 418, 556, 340, 640, 423], [416, 631, 91, 110, 747, 952, 227, 905, 937, 244, 582, 33, 245, 702, 528], [838, 500, 822, 659, 296, 186, 835, 301, 608, 283, 868, 767, 487, 68, 345], [121, 208, 344, 28, 872, 169, 225, 195, 999, 232, 603, 747, 855, 507, 562], [899, 15, 615, 648, 428, 706, 500, 17, 5, 483, 112, 671, 746, 726, 985], [294, 500, 736, 771, 147, 586, 880, 103, 857, 179, 261, 786, 895, 901, 110]], [[840, 182, 65, 299, 536, 246, 194, 967, 45, 5, 694, 309, 645, 122, 756], [229, 698, 570, 593, 425, 142, 944, 603, 938, 569, 328, 925, 273, 99, 198], [452, 443, 61, 178, 44, 68, 860, 411, 502, 773, 241, 515, 799, 870, 747], [380, 48, 99, 148, 464, 1, 958, 673, 21, 213, 427, 207, 65, 174, 918], [675, 669, 191, 814, 522, 591, 398, 614, 772, 470, 816, 539, 806, 854, 709], [734, 417, 897, 443, 276, 436, 761, 462, 341, 445, 121, 123, 162, 135, 505], [288, 83, 955, 678, 757, 78, 31, 408, 995, 253, 54, 180, 81, 787, 692], [4, 159, 856, 299, 863, 165, 378, 773, 361, 700, 422, 271, 479, 691, 537], [660, 314, 554, 997, 128, 517, 340, 976, 848, 886, 569, 432, 531, 139, 924], [697, 562, 101, 403, 0, 541, 217, 863, 430, 529, 317, 25, 245, 357, 379], [524, 498, 992, 324, 882, 460, 802, 534, 998, 801, 943, 664, 609, 342, 113], [115, 749, 271, 510, 103, 50, 15, 29, 75, 900, 517, 65, 321, 144, 384], [630, 977, 63, 272, 533, 378, 236, 559, 331, 133, 872, 444, 589, 964, 628], [75, 139, 268, 280, 60, 793, 49, 200, 163, 46, 589, 367, 567, 900, 562], [667, 773, 622, 57, 264, 315, 297, 369, 125, 865, 306, 78, 492, 835, 116], [225, 609, 463, 687, 590, 133, 541, 339, 279, 702, 821, 78, 939, 290, 141], [946, 117, 571, 285, 299, 719, 608, 464, 975, 894, 533, 8, 339, 442, 888], [895, 206, 838, 951, 140, 56, 72, 409, 169, 59, 424, 125, 245, 779, 311], [833, 781, 165, 740, 892, 684, 739, 495, 189, 184, 917, 129, 210, 145, 849], [181, 96, 842, 632, 479, 837, 472, 225, 866, 218, 321, 34, 966, 562, 957], [860, 960, 153, 215, 615, 696, 734, 130, 906, 958, 725, 199, 854, 142, 522], [886, 84, 530, 987, 23, 312, 710, 997, 365, 48, 244, 555, 735, 195, 354], [993, 644, 105, 266, 295, 20, 27, 577, 394, 720, 814, 877, 555, 219, 975], [314, 883, 377, 345, 642, 852, 272, 516, 461, 663, 520, 129, 59, 309, 120], [977, 94, 894, 69, 340, 242, 647, 287, 739, 101, 577, 313, 678, 320, 111]], [[537, 66, 982, 825, 962, 414, 458, 556, 352, 599, 337, 461, 386, 623, 27], [486, 201, 228, 519, 928, 46, 303, 44, 771, 674, 794, 721, 186, 54, 867], [578, 784, 617, 576, 874, 527, 803, 785, 856, 216, 29, 270, 71, 726, 669], [349, 865, 302, 999, 248, 603, 944, 625, 796, 647, 301, 307, 787, 959, 479], [238, 880, 86, 686, 372, 743, 745, 120, 252, 454, 12, 399, 403, 661, 498], [704, 542, 106, 962, 916, 86, 926, 439, 310, 207, 705, 761, 860, 336, 101], [919, 175, 953, 305, 627, 828, 105, 285, 556, 196, 456, 421, 847, 11, 667], [746, 786, 230, 525, 154, 201, 636, 507, 362, 446, 743, 720, 741, 825, 64], [472, 840, 395, 482, 2, 881, 171, 45, 208, 59, 550, 724, 30, 584, 888], [242, 577, 954, 199, 997, 457, 5, 659, 204, 160, 28, 99, 658, 484, 866], [292, 321, 922, 623, 311, 963, 467, 992, 750, 945, 382, 776, 996, 153, 808], [209, 668, 876, 590, 495, 741, 883, 144, 192, 718, 761, 693, 458, 116, 921], [748, 889, 819, 464, 835, 97, 618, 345, 828, 671, 659, 811, 302, 166, 788], [282, 429, 935, 100, 951, 885, 515, 732, 745, 969, 442, 36, 964, 672, 614], [58, 120, 482, 314, 816, 197, 497, 862, 166, 621, 146, 459, 263, 595, 928], [391, 627, 93, 965, 922, 665, 410, 946, 589, 624, 382, 98, 395, 550, 909], [166, 652, 576, 874, 147, 463, 221, 921, 992, 265, 105, 168, 882, 569, 326], [458, 232, 213, 245, 47, 415, 330, 928, 552, 514, 976, 163, 850, 978, 270], [331, 992, 981, 288, 817, 837, 866, 254, 771, 193, 884, 450, 274, 292, 158], [864, 739, 294, 425, 771, 972, 366, 197, 876, 547, 236, 475, 938, 766, 935], [1, 873, 145, 617, 477, 952, 199, 459, 809, 964, 423, 676, 83, 991, 499], [941, 718, 83, 314, 137, 651, 796, 582, 242, 119, 142, 520, 997, 774, 574], [676, 793, 392, 665, 935, 101, 916, 568, 802, 649, 946, 715, 499, 327, 903], [798, 577, 600, 564, 328, 300, 119, 975, 751, 702, 12, 888, 512, 506, 708], [58, 633, 297, 943, 665, 99, 110, 571, 590, 692, 129, 244, 514, 613, 818]], [[407, 72, 936, 560, 264, 311, 757, 950, 682, 203, 536, 260, 848, 327, 566], [248, 495, 390, 861, 553, 247, 278, 346, 350, 533, 902, 277, 430, 955, 560], [977, 82, 889, 507, 551, 729, 501, 462, 98, 747, 508, 405, 931, 72, 33], [524, 172, 821, 21, 745, 591, 111, 70, 848, 444, 525, 52, 707, 808, 480], [476, 505, 143, 740, 914, 414, 277, 982, 281, 511, 479, 443, 925, 124, 502], [534, 804, 690, 209, 185, 794, 214, 277, 916, 361, 316, 648, 631, 429, 996], [598, 279, 676, 112, 840, 708, 234, 591, 286, 925, 502, 117, 387, 862, 677], [623, 748, 582, 945, 693, 449, 806, 847, 357, 461, 638, 815, 495, 539, 742], [360, 317, 302, 466, 550, 221, 33, 154, 748, 93, 38, 233, 381, 642, 650], [210, 373, 196, 427, 350, 760, 491, 781, 327, 837, 716, 611, 129, 765, 993], [479, 635, 126, 408, 468, 591, 925, 968, 539, 436, 227, 370, 955, 154, 35], [497, 442, 830, 337, 232, 161, 549, 500, 163, 684, 564, 15, 705, 831, 740], [890, 965, 155, 832, 393, 846, 529, 213, 256, 557, 183, 792, 64, 913, 742], [26, 662, 999, 216, 325, 689, 814, 957, 933, 909, 255, 204, 510, 684, 620], [880, 436, 431, 577, 946, 954, 723, 347, 241, 328, 907, 830, 718, 795, 870], [270, 890, 250, 269, 368, 396, 652, 778, 129, 144, 664, 444, 865, 807, 693], [220, 585, 147, 370, 92, 960, 60, 636, 516, 897, 525, 55, 451, 50, 621], [877, 308, 618, 223, 920, 906, 799, 354, 950, 163, 812, 333, 443, 732, 982], [392, 823, 250, 451, 997, 277, 245, 343, 155, 597, 756, 935, 222, 298, 197], [528, 317, 703, 54, 508, 831, 453, 977, 400, 28, 833, 122, 886, 841, 452], [834, 33, 752, 658, 618, 782, 641, 414, 125, 191, 517, 271, 239, 933, 932], [277, 939, 767, 362, 60, 447, 328, 948, 207, 650, 503, 381, 107, 375, 120], [793, 936, 223, 987, 567, 783, 795, 281, 810, 968, 435, 719, 222, 334, 389], [763, 557, 520, 196, 876, 391, 671, 704, 781, 25, 840, 187, 887, 759, 47], [567, 229, 254, 11, 531, 72, 48, 429, 830, 99, 539, 597, 748, 886, 74]], [[4, 449, 386, 658, 949, 63, 513, 961, 345, 250, 149, 457, 515, 26, 109], [164, 940, 310, 773, 700, 950, 139, 610, 435, 522, 921, 511, 614, 125, 282], [994, 61, 158, 886, 551, 15, 11, 520, 69, 598, 110, 604, 276, 425, 371], [380, 300, 917, 817, 144, 803, 503, 775, 197, 827, 605, 58, 869, 797, 340], [359, 872, 218, 268, 61, 30, 629, 758, 635, 996, 599, 405, 56, 574, 594], [74, 414, 928, 278, 916, 915, 322, 419, 880, 556, 366, 145, 684, 649, 871], [360, 819, 627, 6, 213, 722, 147, 633, 471, 13, 337, 371, 908, 40, 172], [316, 11, 126, 513, 411, 667, 261, 355, 508, 417, 22, 6, 388, 614, 571], [380, 448, 832, 529, 429, 475, 98, 544, 353, 347, 753, 40, 902, 433, 112], [731, 187, 547, 373, 617, 687, 227, 380, 159, 954, 789, 567, 318, 947, 844], [436, 265, 655, 423, 164, 928, 740, 758, 565, 904, 878, 127, 706, 961, 977], [680, 620, 723, 100, 105, 275, 483, 573, 855, 941, 622, 690, 26, 160, 739], [840, 733, 841, 344, 184, 479, 9, 307, 857, 186, 91, 163, 232, 707, 47], [55, 179, 509, 989, 543, 671, 209, 109, 481, 240, 686, 20, 390, 591, 408], [834, 644, 777, 656, 514, 925, 274, 880, 510, 428, 806, 328, 276, 441, 315], [184, 965, 587, 536, 339, 939, 859, 143, 922, 338, 384, 936, 787, 712, 814], [79, 922, 994, 530, 41, 909, 557, 191, 883, 24, 610, 273, 786, 507, 700], [92, 947, 311, 234, 408, 322, 452, 738, 73, 542, 611, 943, 792, 121, 499], [902, 396, 54, 107, 921, 375, 188, 328, 505, 314, 323, 162, 51, 949, 234], [138, 524, 150, 41, 28, 779, 397, 55, 22, 319, 897, 862, 564, 767, 515], [437, 206, 130, 60, 737, 227, 959, 726, 387, 780, 53, 524, 873, 955, 598], [658, 628, 229, 715, 512, 56, 310, 407, 417, 914, 107, 737, 247, 394, 971], [169, 653, 873, 270, 145, 945, 61, 765, 946, 519, 521, 694, 542, 444, 242], [761, 767, 105, 395, 530, 70, 539, 112, 865, 374, 405, 12, 617, 679, 448], [616, 324, 447, 190, 802, 174, 5, 212, 780, 741, 980, 817, 548, 175, 167]], [[218, 907, 737, 889, 677, 872, 593, 334, 484, 374, 733, 757, 561, 548, 184], [207, 344, 588, 696, 98, 493, 741, 9, 337, 35, 268, 513, 242, 169, 526], [167, 786, 53, 11, 276, 513, 670, 35, 853, 741, 711, 540, 654, 629, 765], [449, 159, 870, 808, 703, 348, 577, 15, 890, 7, 456, 258, 164, 845, 900], [784, 886, 949, 704, 445, 564, 110, 397, 782, 415, 813, 70, 532, 85, 468], [711, 895, 935, 938, 765, 726, 78, 451, 596, 1, 306, 229, 389, 217, 617], [828, 924, 525, 268, 303, 801, 579, 993, 299, 594, 461, 678, 331, 8, 10], [328, 537, 452, 124, 284, 906, 951, 151, 653, 827, 325, 342, 167, 705, 110], [481, 139, 953, 557, 956, 52, 180, 891, 83, 169, 968, 666, 208, 862, 598], [342, 115, 995, 823, 639, 421, 570, 499, 505, 968, 423, 70, 859, 74, 781], [71, 104, 363, 825, 850, 986, 221, 768, 254, 465, 86, 182, 343, 722, 697], [774, 471, 716, 700, 286, 38, 211, 875, 282, 204, 219, 561, 227, 240, 899], [741, 734, 967, 278, 731, 180, 722, 985, 82, 352, 550, 487, 481, 455, 853], [819, 746, 608, 672, 782, 150, 630, 398, 627, 801, 481, 378, 851, 558, 30], [670, 323, 29, 962, 164, 349, 230, 593, 827, 772, 22, 441, 902, 697, 788], [783, 929, 146, 934, 875, 332, 997, 295, 715, 455, 481, 106, 651, 433, 264], [326, 876, 65, 746, 98, 104, 542, 390, 337, 953, 666, 376, 281, 894, 325], [90, 837, 766, 402, 454, 513, 407, 257, 756, 704, 876, 684, 445, 132, 126], [576, 59, 651, 638, 843, 105, 465, 365, 62, 299, 423, 688, 329, 39, 17], [987, 555, 944, 274, 649, 942, 574, 377, 360, 461, 151, 226, 216, 168, 392], [217, 205, 740, 660, 754, 984, 822, 61, 105, 853, 232, 265, 991, 130, 270], [813, 983, 855, 598, 155, 944, 538, 907, 82, 673, 341, 478, 444, 424, 534], [172, 192, 990, 860, 842, 143, 139, 652, 235, 526, 16, 931, 17, 548, 47], [679, 388, 277, 402, 111, 330, 617, 294, 96, 657, 967, 165, 153, 480, 281], [490, 8, 41, 130, 838, 383, 817, 911, 347, 515, 722, 935, 773, 34, 521]], [[426, 594, 765, 988, 134, 908, 729, 766, 295, 406, 149, 539, 801, 159, 187], [306, 954, 132, 796, 19, 593, 965, 854, 467, 428, 86, 757, 886, 106, 724], [232, 184, 224, 812, 533, 837, 952, 501, 569, 340, 353, 754, 721, 135, 87], [823, 40, 312, 256, 420, 223, 232, 416, 627, 559, 163, 832, 316, 871, 685], [534, 366, 265, 943, 813, 374, 938, 733, 618, 186, 716, 170, 394, 669, 388], [464, 250, 15, 424, 435, 637, 398, 31, 137, 340, 223, 888, 313, 457, 261], [653, 431, 230, 970, 139, 175, 606, 60, 296, 795, 250, 54, 630, 923, 310], [125, 220, 455, 398, 355, 715, 517, 446, 456, 486, 621, 515, 887, 648, 226], [81, 779, 135, 601, 153, 590, 512, 933, 612, 88, 568, 552, 515, 640, 14], [212, 961, 529, 1, 240, 603, 519, 655, 307, 879, 288, 358, 99, 188, 518], [962, 512, 739, 461, 703, 649, 28, 735, 884, 87, 133, 368, 148, 41, 211], [489, 703, 326, 973, 228, 753, 211, 580, 218, 105, 628, 998, 507, 130, 416], [33, 338, 331, 881, 274, 472, 139, 850, 616, 983, 422, 145, 644, 842, 275], [711, 979, 299, 746, 658, 650, 277, 53, 855, 668, 273, 71, 29, 326, 528], [520, 522, 732, 411, 600, 493, 114, 414, 702, 326, 333, 58, 963, 990, 61], [636, 332, 944, 966, 998, 346, 84, 190, 671, 543, 81, 42, 812, 377, 112], [302, 913, 954, 951, 137, 285, 432, 255, 336, 745, 635, 206, 582, 245, 969], [286, 25, 58, 530, 90, 655, 674, 665, 14, 71, 639, 667, 985, 440, 207], [165, 488, 716, 219, 620, 154, 794, 139, 300, 304, 627, 742, 630, 878, 360], [101, 189, 876, 749, 691, 106, 40, 456, 422, 672, 903, 872, 409, 827, 788], [753, 255, 491, 974, 738, 249, 358, 548, 699, 439, 564, 797, 701, 792, 617], [679, 78, 947, 280, 71, 590, 652, 843, 289, 488, 278, 380, 282, 529, 252], [599, 26, 717, 104, 68, 77, 897, 348, 364, 468, 103, 806, 460, 418, 345], [462, 631, 380, 702, 684, 703, 235, 853, 403, 745, 616, 626, 538, 940, 167], [747, 384, 171, 335, 720, 163, 254, 134, 513, 791, 967, 591, 986, 325, 480]], [[132, 527, 181, 29, 303, 401, 849, 143, 126, 308, 281, 230, 858, 842, 196], [451, 273, 981, 176, 51, 473, 313, 150, 336, 264, 386, 217, 743, 637, 577], [443, 585, 459, 317, 956, 989, 970, 763, 712, 653, 171, 33, 103, 870, 971], [187, 366, 494, 892, 488, 448, 878, 434, 817, 523, 345, 592, 49, 627, 402], [228, 34, 344, 917, 987, 426, 87, 730, 930, 778, 887, 42, 155, 475, 533], [809, 112, 0, 363, 140, 334, 10, 11, 137, 714, 225, 298, 348, 889, 859], [383, 315, 152, 585, 255, 676, 782, 470, 537, 708, 305, 960, 85, 548, 802], [729, 99, 504, 869, 44, 332, 593, 958, 814, 128, 324, 544, 228, 31, 323], [402, 499, 135, 172, 748, 111, 504, 794, 527, 289, 561, 909, 999, 769, 840], [951, 475, 191, 614, 834, 798, 931, 961, 708, 663, 722, 955, 945, 31, 756], [356, 349, 851, 49, 663, 967, 596, 719, 190, 644, 799, 42, 219, 457, 417], [45, 807, 616, 152, 273, 856, 803, 380, 89, 300, 170, 707, 77, 973, 587], [833, 177, 151, 373, 218, 17, 472, 6, 330, 73, 370, 885, 448, 117, 782], [815, 608, 118, 53, 370, 463, 524, 667, 887, 48, 632, 299, 321, 967, 951], [309, 326, 404, 70, 723, 821, 384, 200, 145, 652, 120, 743, 155, 245, 18], [939, 843, 18, 668, 209, 53, 651, 654, 251, 692, 73, 260, 248, 96, 109], [853, 763, 772, 293, 500, 153, 244, 931, 76, 782, 680, 570, 701, 964, 301], [944, 484, 453, 768, 994, 974, 143, 153, 308, 550, 378, 820, 295, 117, 303], [130, 499, 90, 437, 905, 885, 344, 866, 438, 489, 662, 64, 864, 142, 101], [859, 837, 922, 777, 926, 763, 995, 436, 11, 378, 132, 561, 357, 690, 554], [786, 907, 696, 583, 974, 433, 254, 119, 144, 383, 336, 585, 108, 54, 245], [769, 116, 182, 621, 572, 930, 335, 634, 815, 33, 28, 445, 477, 771, 230], [261, 309, 318, 843, 470, 518, 909, 697, 155, 514, 900, 939, 374, 153, 11], [821, 224, 718, 877, 882, 290, 116, 279, 978, 491, 346, 299, 600, 970, 618], [446, 890, 275, 383, 290, 370, 60, 627, 50, 749, 350, 396, 445, 989, 518]], [[974, 363, 835, 814, 880, 968, 39, 175, 33, 513, 903, 190, 370, 992, 210], [432, 20, 327, 742, 482, 859, 502, 237, 328, 902, 838, 545, 450, 891, 207], [869, 832, 96, 941, 899, 793, 416, 131, 592, 179, 400, 731, 594, 392, 961], [701, 854, 498, 90, 593, 784, 929, 213, 733, 105, 941, 555, 189, 444, 796], [440, 316, 326, 557, 279, 778, 832, 828, 6, 696, 375, 381, 889, 750, 407], [907, 210, 853, 511, 82, 606, 948, 782, 96, 798, 523, 811, 97, 649, 997], [59, 462, 85, 435, 695, 73, 519, 143, 704, 830, 144, 900, 501, 493, 971], [17, 858, 579, 949, 625, 349, 527, 217, 957, 81, 152, 305, 688, 840, 657], [13, 59, 307, 821, 39, 980, 96, 241, 377, 304, 624, 855, 611, 8, 10], [531, 706, 705, 55, 172, 500, 494, 336, 845, 904, 564, 132, 924, 748, 165], [733, 264, 655, 173, 792, 47, 929, 803, 175, 311, 301, 54, 310, 400, 760], [75, 505, 93, 536, 861, 55, 435, 342, 32, 826, 242, 118, 685, 817, 54], [299, 816, 474, 421, 519, 752, 946, 655, 505, 334, 920, 255, 104, 515, 709], [782, 599, 632, 299, 345, 421, 885, 930, 399, 8, 426, 238, 201, 157, 257], [961, 217, 697, 493, 857, 668, 59, 403, 352, 891, 313, 628, 746, 930, 753], [968, 960, 32, 641, 761, 345, 508, 371, 783, 598, 426, 578, 88, 969, 364], [424, 257, 58, 927, 547, 822, 668, 360, 476, 282, 828, 200, 853, 367, 682], [840, 27, 450, 527, 235, 19, 879, 870, 708, 669, 771, 829, 351, 545, 142], [517, 26, 68, 444, 526, 371, 764, 421, 615, 988, 506, 379, 633, 60, 569], [874, 312, 914, 438, 59, 716, 316, 523, 246, 659, 609, 62, 938, 698, 14], [917, 584, 634, 697, 303, 168, 0, 746, 610, 725, 732, 736, 448, 556, 451], [403, 761, 877, 931, 71, 592, 873, 309, 485, 997, 683, 448, 849, 172, 863], [630, 80, 935, 460, 656, 553, 242, 689, 485, 641, 97, 200, 371, 162, 692], [251, 359, 812, 641, 245, 259, 668, 562, 611, 501, 206, 751, 494, 468, 410], [680, 928, 886, 687, 757, 655, 728, 466, 936, 759, 945, 386, 136, 22, 265]]]]

All pearson (by: run iteration, trial number):
[[ 0.86151573  0.0886666   0.75536405  0.77179377 -0.31828021  0.78577787
   0.87268286  0.76615655  0.86352568  0.75712789]
 [ 0.82964784  0.312047    0.75317437  0.74922345  0.55571728  0.4662708
   0.82496159  0.78493301  0.84016602  0.83994764]
 [ 0.85465785  0.2269543   0.73449006  0.68868705  0.58381471  0.59687562
   0.75839053  0.72377125  0.91638394  0.87206127]]

All spearman (by: run iteration, trial number):
[[ 0.82857143  0.14285714  0.81167945  0.66673669 -0.37142857  0.82857143
   0.82857143  0.6         0.71428571  0.81167945]
 [ 0.82857143  0.25714286  0.81167945  0.66673669  0.25714286  0.54285714
   0.82857143  0.65714286  0.82857143  0.81167945]
 [ 0.82857143  0.37142857  0.81167945  0.66673669  0.37142857  0.54285714
   0.82857143  0.42857143  0.82857143  0.81167945]]

All standard error (by: run iteration, trial number):
[[ 0.04691968  0.05584468  0.0534058   0.0550489   0.06820912  0.07477221
   0.0414205   0.06216141  0.07573569  0.06808546]
 [ 0.04173764  0.05659534  0.04667639  0.05075076  0.07033873  0.07741499
   0.04171411  0.06054318  0.07560098  0.06618018]
 [ 0.04071211  0.05143479  0.04394869  0.05001588  0.06949077  0.07847007
   0.04592443  0.06810578  0.08271737  0.06152563]]

