1 trials ran. 25 simulated people per trial. 5 objects per simulated person.

Average pearson (by: trial number):
[ 0.86862277 -0.09534786  0.54870541  0.60032962  0.14437862 -0.61013289
  0.8177772  -0.34026778 -0.68122069  0.94952108]

Average spearman (by: trial number):
[ 0.82857143 -0.25714286  0.63774814  0.52179393 -0.02857143 -0.6
  0.71428571 -0.14285714 -0.82857143  0.92763366]

Average standard error (by: trial number):
[ 0.07192465  0.07264764  0.07890258  0.0699318   0.08616775  0.09122142
  0.0667531   0.08897786  0.07243104  0.08111646]

All objects (by: run iteration, oneshot trial, simulated person):
[[[[0, 879, 897, 714, 822], [707, 107, 785, 495, 836], [834, 607, 181, 955, 652], [848, 443, 883, 619, 330], [171, 510, 12, 531, 689], [877, 361, 655, 547, 456], [549, 677, 878, 349, 96], [24, 126, 132, 550, 292], [853, 888, 473, 529, 338], [446, 572, 843, 9, 87], [866, 329, 775, 232, 574], [117, 518, 952, 250, 416], [494, 275, 929, 214, 912], [43, 388, 889, 949, 981], [77, 310, 111, 286, 562], [717, 591, 22, 572, 476], [170, 214, 489, 473, 347], [792, 648, 503, 566, 899], [852, 418, 489, 200, 13], [896, 426, 753, 548, 620], [833, 705, 507, 776, 84], [718, 38, 836, 607, 417], [404, 0, 368, 406, 112], [93, 648, 147, 603, 960], [410, 663, 708, 264, 382]], [[284, 455, 572, 602, 841], [699, 170, 664, 624, 243], [534, 750, 371, 295, 897], [83, 193, 895, 147, 594], [860, 744, 156, 26, 264], [699, 278, 330, 112, 361], [995, 39, 508, 276, 230], [40, 95, 616, 300, 640], [813, 698, 982, 89, 198], [919, 147, 529, 395, 946], [206, 11, 561, 619, 369], [614, 584, 620, 389, 351], [603, 983, 676, 341, 424], [954, 209, 171, 251, 953], [305, 114, 573, 79, 400], [801, 565, 868, 199, 75], [873, 794, 973, 880, 525], [974, 554, 406, 106, 456], [730, 668, 528, 208, 17], [412, 915, 383, 133, 465], [264, 475, 414, 227, 445], [836, 831, 339, 652, 959], [40, 74, 192, 209, 720], [788, 665, 999, 874, 529], [25, 562, 577, 817, 842]], [[337, 541, 991, 680, 346], [9, 698, 348, 524, 909], [885, 935, 484, 460, 942], [691, 202, 800, 980, 810], [572, 177, 884, 189, 306], [518, 199, 735, 729, 642], [695, 668, 506, 986, 908], [710, 954, 279, 201, 895], [946, 312, 355, 117, 357], [237, 157, 164, 395, 752], [669, 300, 261, 396, 13], [16, 93, 187, 937, 200], [652, 389, 145, 6, 980], [441, 612, 884, 477, 872], [308, 237, 807, 255, 520], [386, 485, 744, 494, 514], [773, 822, 813, 71, 93], [881, 986, 777, 32, 850], [429, 453, 230, 906, 220], [802, 378, 788, 56, 979], [651, 555, 646, 274, 507], [860, 408, 446, 264, 740], [192, 855, 290, 712, 79], [472, 354, 549, 948, 981], [841, 618, 615, 79, 629]], [[591, 952, 639, 785, 579], [664, 188, 835, 748, 568], [419, 524, 268, 716, 924], [534, 577, 267, 329, 216], [977, 487, 948, 269, 463], [489, 724, 387, 246, 998], [121, 353, 231, 391, 251], [816, 890, 552, 681, 30], [419, 587, 772, 767, 343], [888, 543, 261, 767, 265], [64, 159, 673, 238, 612], [990, 541, 16, 949, 856], [354, 150, 844, 834, 693], [643, 683, 813, 710, 733], [845, 887, 314, 281, 659], [340, 589, 945, 676, 508], [299, 614, 45, 560, 733], [612, 389, 909, 369, 177], [223, 38, 74, 461, 431], [411, 641, 36, 763, 888], [87, 567, 681, 126, 971], [515, 944, 325, 547, 924], [840, 296, 277, 471, 210], [203, 898, 998, 183, 798], [639, 107, 773, 122, 944]], [[42, 926, 602, 901, 478], [933, 987, 347, 46, 544], [638, 77, 590, 664, 871], [83, 625, 63, 135, 344], [336, 245, 480, 251, 721], [775, 31, 439, 223, 347], [929, 284, 168, 646, 115], [205, 489, 535, 381, 582], [588, 913, 867, 611, 781], [167, 736, 203, 155, 402], [862, 952, 484, 933, 65], [944, 492, 785, 815, 875], [724, 196, 53, 732, 798], [455, 82, 236, 922, 97], [215, 853, 885, 21, 64], [50, 135, 235, 523, 242], [564, 596, 234, 747, 51], [431, 632, 360, 109, 301], [933, 849, 770, 863, 438], [448, 641, 41, 825, 147], [473, 407, 809, 352, 927], [70, 712, 38, 143, 360], [691, 176, 531, 272, 116], [340, 20, 986, 235, 675], [42, 25, 94, 346, 457]], [[93, 261, 54, 200, 275], [618, 939, 135, 805, 188], [802, 874, 413, 272, 177], [751, 783, 968, 703, 609], [889, 613, 262, 106, 923], [168, 545, 674, 624, 84], [250, 517, 111, 611, 72], [205, 981, 628, 673, 733], [416, 635, 520, 768, 787], [243, 44, 812, 141, 694], [118, 249, 656, 734, 559], [477, 102, 222, 461, 225], [70, 894, 823, 604, 867], [213, 473, 83, 154, 189], [709, 272, 938, 394, 175], [749, 472, 73, 34, 823], [587, 539, 315, 69, 706], [279, 136, 218, 38, 391], [602, 399, 731, 581, 872], [739, 291, 570, 352, 303], [476, 703, 445, 87, 740], [453, 287, 51, 539, 728], [811, 303, 386, 760, 465], [295, 373, 880, 607, 473], [592, 113, 483, 645, 730]], [[273, 443, 821, 121, 77], [495, 164, 840, 479, 728], [674, 703, 590, 239, 95], [879, 781, 283, 150, 999], [802, 197, 914, 842, 985], [899, 229, 165, 815, 674], [895, 458, 152, 363, 676], [112, 613, 942, 497, 307], [896, 430, 989, 46, 527], [252, 940, 681, 476, 230], [409, 272, 288, 771, 450], [138, 597, 938, 576, 171], [179, 359, 8, 815, 373], [714, 201, 971, 895, 403], [63, 535, 769, 881, 846], [696, 891, 856, 349, 473], [774, 447, 281, 763, 321], [657, 8, 28, 183, 566], [254, 946, 978, 52, 546], [138, 436, 509, 114, 389], [501, 220, 212, 621, 234], [947, 201, 667, 435, 329], [303, 387, 300, 392, 986], [646, 846, 544, 903, 895], [365, 168, 977, 0, 108]], [[537, 985, 78, 289, 506], [956, 349, 553, 595, 813], [658, 308, 412, 490, 794], [596, 915, 291, 151, 294], [378, 744, 315, 716, 285], [316, 679, 152, 737, 303], [69, 964, 775, 920, 156], [465, 322, 410, 590, 956], [287, 13, 562, 653, 1], [892, 510, 558, 715, 528], [222, 170, 134, 2, 591], [737, 456, 690, 732, 151], [373, 982, 729, 566, 970], [607, 588, 686, 446, 642], [998, 882, 517, 476, 685], [968, 494, 319, 549, 453], [331, 481, 475, 716, 745], [439, 517, 98, 110, 552], [286, 113, 264, 254, 91], [557, 326, 523, 62, 508], [264, 450, 7, 143, 762], [528, 118, 620, 670, 409], [417, 233, 920, 478, 885], [388, 723, 503, 31, 56], [61, 719, 492, 776, 451]], [[598, 185, 280, 156, 963], [177, 311, 3, 482, 896], [999, 301, 817, 651, 818], [479, 165, 919, 903, 245], [292, 469, 211, 803, 580], [747, 102, 877, 251, 231], [216, 148, 882, 29, 620], [590, 747, 460, 966, 829], [786, 165, 130, 628, 403], [479, 471, 899, 678, 971], [273, 465, 529, 454, 227], [888, 670, 514, 50, 113], [484, 449, 1, 456, 897], [381, 735, 275, 475, 878], [17, 356, 715, 18, 902], [159, 551, 281, 252, 164], [880, 83, 523, 860, 168], [664, 473, 411, 910, 136], [1, 970, 146, 941, 27], [17, 529, 912, 414, 599], [304, 17, 62, 736, 215], [864, 197, 61, 930, 24], [663, 501, 539, 670, 204], [443, 717, 130, 452, 18], [535, 717, 768, 915, 115]], [[972, 133, 568, 741, 890], [835, 472, 633, 890, 973], [618, 134, 500, 673, 922], [653, 429, 630, 989, 611], [764, 591, 384, 713, 97], [273, 809, 505, 75, 447], [134, 997, 62, 37, 584], [51, 159, 838, 858, 411], [912, 576, 363, 639, 241], [28, 577, 462, 801, 147], [166, 215, 962, 172, 853], [303, 43, 702, 142, 740], [271, 173, 882, 312, 987], [351, 882, 793, 494, 514], [843, 478, 467, 498, 210], [285, 812, 471, 936, 771], [356, 766, 684, 195, 214], [690, 363, 875, 899, 802], [37, 307, 938, 219, 738], [506, 909, 876, 753, 852], [360, 96, 751, 969, 74], [705, 208, 207, 608, 231], [358, 505, 258, 490, 884], [181, 734, 78, 481, 843], [173, 378, 340, 977, 483]]]]

All pearson (by: run iteration, trial number):
[[ 0.86862277 -0.09534786  0.54870541  0.60032962  0.14437862 -0.61013289
   0.8177772  -0.34026778 -0.68122069  0.94952108]]

All spearman (by: run iteration, trial number):
[[ 0.82857143 -0.25714286  0.63774814  0.52179393 -0.02857143 -0.6
   0.71428571 -0.14285714 -0.82857143  0.92763366]]

All standard error (by: run iteration, trial number):
[[ 0.07192465  0.07264764  0.07890258  0.0699318   0.08616775  0.09122142
   0.0667531   0.08897786  0.07243104  0.08111646]]

