1 trials ran. 1 simulated people per trial. 25 objects per simulated person.

Average pearson (by: trial number):
[ 0.79807682  0.26113262  0.62296501  0.65953532 -0.70942565 -0.14461686
  0.9176903   0.04748521 -0.01489822  0.90811226]

Average spearman (by: trial number):
[ 0.71428571  0.14285714  0.57977104  0.60875959 -0.77142857 -0.08571429
  0.82857143 -0.02857143 -0.08571429  0.81167945]

Average standard error (by: trial number):
[ 0.  0.  0.  0.  0.  0.  0.  0.  0.  0.]

All objects (by: run iteration, oneshot trial, simulated person):
[[[[274, 875, 930, 721, 447, 210, 970, 935, 273, 75, 116, 114, 171, 184, 395, 344, 719, 223, 358, 442, 492, 372, 465, 652, 580]], [[183, 645, 985, 22, 588, 686, 325, 841, 452, 693, 177, 41, 488, 526, 625, 832, 107, 242, 829, 394, 958, 747, 413, 656, 27]], [[464, 301, 992, 22, 272, 774, 526, 615, 45, 252, 111, 311, 581, 728, 508, 463, 245, 3, 622, 519, 9, 20, 859, 743, 1]], [[315, 475, 526, 807, 210, 182, 780, 961, 139, 485, 221, 846, 873, 300, 732, 364, 694, 614, 312, 534, 17, 412, 307, 363, 188]], [[885, 373, 190, 888, 835, 735, 862, 801, 994, 463, 689, 329, 883, 56, 645, 914, 563, 643, 832, 75, 932, 644, 398, 235, 787]], [[106, 589, 232, 160, 292, 536, 623, 274, 731, 477, 957, 990, 327, 938, 779, 736, 958, 959, 311, 131, 226, 666, 389, 466, 540]], [[128, 769, 583, 172, 592, 772, 746, 658, 20, 438, 114, 158, 717, 683, 453, 953, 893, 768, 884, 336, 179, 828, 677, 83, 309]], [[861, 368, 758, 598, 269, 365, 8, 991, 119, 777, 784, 77, 981, 838, 156, 728, 624, 865, 900, 160, 558, 490, 515, 59, 96]], [[186, 413, 399, 387, 130, 316, 573, 565, 509, 934, 667, 329, 770, 42, 938, 140, 48, 779, 423, 831, 71, 334, 364, 923, 28]], [[738, 757, 197, 508, 341, 34, 598, 845, 698, 18, 543, 251, 635, 447, 612, 726, 571, 328, 564, 138, 170, 153, 748, 144, 899]]]]

All pearson (by: run iteration, trial number):
[[ 0.79807682  0.26113262  0.62296501  0.65953532 -0.70942565 -0.14461686
   0.9176903   0.04748521 -0.01489822  0.90811226]]

All spearman (by: run iteration, trial number):
[[ 0.71428571  0.14285714  0.57977104  0.60875959 -0.77142857 -0.08571429
   0.82857143 -0.02857143 -0.08571429  0.81167945]]

All standard error (by: run iteration, trial number):
[[ 0.  0.  0.  0.  0.  0.  0.  0.  0.  0.]]

