1 trials ran. 1 simulated people per trial. 20 objects per simulated person.

Average pearson (by: trial number):
[ 0.81509382  0.57251396  0.50887195  0.66996059 -0.08830338  0.27271111
  0.61272829  0.2150504   0.91041723 -0.11556418]

Average spearman (by: trial number):
[ 0.82857143  0.71428571  0.63774814  0.66673669 -0.02857143  0.42857143
  0.54285714  0.25714286  0.82857143 -0.08696566]

Average standard error (by: trial number):
[ 0.  0.  0.  0.  0.  0.  0.  0.  0.  0.]

All objects (by: run iteration, oneshot trial, simulated person):
[[[[279, 314, 621, 399, 435, 260, 271, 485, 316, 416, 992, 457, 511, 649, 845, 92, 465, 611, 701, 180]], [[115, 965, 116, 301, 994, 705, 948, 378, 329, 894, 69, 165, 908, 430, 938, 445, 792, 601, 524, 656]], [[948, 645, 235, 541, 76, 938, 172, 770, 564, 921, 933, 651, 680, 581, 368, 806, 29, 729, 807, 962]], [[358, 465, 765, 401, 214, 795, 416, 688, 862, 141, 866, 696, 61, 289, 743, 307, 646, 874, 697, 581]], [[73, 185, 317, 708, 832, 957, 600, 642, 590, 78, 728, 216, 656, 603, 173, 305, 583, 407, 225, 186]], [[315, 322, 973, 879, 473, 3, 752, 95, 191, 58, 846, 545, 242, 755, 802, 979, 669, 6, 452, 609]], [[166, 888, 900, 956, 457, 35, 400, 163, 572, 423, 523, 368, 151, 609, 688, 852, 738, 485, 136, 526]], [[892, 61, 326, 956, 657, 533, 958, 16, 377, 843, 288, 609, 365, 467, 50, 303, 589, 505, 358, 992]], [[570, 344, 228, 520, 819, 166, 641, 405, 502, 640, 619, 159, 850, 207, 590, 167, 971, 677, 352, 542]], [[434, 202, 949, 303, 545, 110, 97, 466, 734, 887, 173, 814, 163, 822, 488, 150, 809, 852, 388, 46]]]]

All pearson (by: run iteration, trial number):
[[ 0.81509382  0.57251396  0.50887195  0.66996059 -0.08830338  0.27271111
   0.61272829  0.2150504   0.91041723 -0.11556418]]

All spearman (by: run iteration, trial number):
[[ 0.82857143  0.71428571  0.63774814  0.66673669 -0.02857143  0.42857143
   0.54285714  0.25714286  0.82857143 -0.08696566]]

All standard error (by: run iteration, trial number):
[[ 0.  0.  0.  0.  0.  0.  0.  0.  0.  0.]]

