1 trials ran. 1 simulated people per trial. 15 objects per simulated person.

Average pearson (by: trial number):
[ 0.9844165   0.11186495  0.25314772  0.82352976  0.27986479 -0.03151068
 -0.21041646  0.61232988 -0.62350623  0.85464158]

Average spearman (by: trial number):
[ 0.94285714  0.14285714  0.31887407  0.52179393  0.2        -0.08571429
 -0.08571429  0.25714286 -0.48571429  0.81167945]

Average standard error (by: trial number):
[ 0.  0.  0.  0.  0.  0.  0.  0.  0.  0.]

All objects (by: run iteration, oneshot trial, simulated person):
[[[[847, 657, 457, 123, 842, 352, 937, 790, 7, 0, 370, 915, 131, 468, 914]], [[572, 361, 451, 752, 851, 96, 895, 269, 531, 749, 845, 149, 426, 847, 753]], [[943, 380, 260, 725, 346, 521, 60, 356, 995, 323, 141, 73, 170, 91, 526]], [[838, 315, 74, 98, 404, 888, 402, 201, 408, 438, 789, 790, 79, 552, 164]], [[917, 254, 916, 645, 66, 685, 739, 14, 691, 630, 2, 313, 328, 148, 470]], [[738, 521, 900, 841, 566, 955, 692, 375, 647, 784, 226, 634, 741, 91, 958]], [[368, 885, 74, 963, 892, 405, 251, 495, 220, 60, 117, 94, 113, 99, 387]], [[87, 561, 176, 510, 726, 445, 984, 696, 162, 166, 363, 637, 752, 161, 377]], [[417, 821, 341, 223, 608, 627, 859, 635, 271, 29, 447, 243, 254, 946, 354]], [[411, 152, 34, 61, 224, 468, 478, 664, 453, 439, 826, 195, 289, 604, 418]]]]

All pearson (by: run iteration, trial number):
[[ 0.9844165   0.11186495  0.25314772  0.82352976  0.27986479 -0.03151068
  -0.21041646  0.61232988 -0.62350623  0.85464158]]

All spearman (by: run iteration, trial number):
[[ 0.94285714  0.14285714  0.31887407  0.52179393  0.2        -0.08571429
  -0.08571429  0.25714286 -0.48571429  0.81167945]]

All standard error (by: run iteration, trial number):
[[ 0.  0.  0.  0.  0.  0.  0.  0.  0.  0.]]

