1 trials ran. 1 simulated people per trial. 10 objects per simulated person.

Average pearson (by: trial number):
[ 0.68846955 -0.00543247  0.48448141  0.49442578  0.08753143  0.56118684
  0.56996298 -0.12544244 -0.51876167  0.34189499]

Average spearman (by: trial number):
[ 0.54285714 -0.31428571  0.37685117  0.66673669 -0.42857143  0.02857143
  0.6         0.54285714 -0.6        -0.11595421]

Average standard error (by: trial number):
[ 0.  0.  0.  0.  0.  0.  0.  0.  0.  0.]

All objects (by: run iteration, oneshot trial, simulated person):
[[[[36, 289, 661, 547, 978, 553, 816, 281, 655, 333]], [[102, 25, 953, 792, 996, 274, 244, 924, 54, 14]], [[843, 540, 294, 368, 860, 507, 223, 548, 571, 303]], [[648, 260, 482, 303, 208, 804, 572, 782, 167, 765]], [[434, 151, 794, 923, 179, 315, 992, 445, 832, 461]], [[326, 508, 410, 622, 402, 492, 111, 690, 897, 85]], [[70, 652, 714, 71, 488, 229, 12, 478, 973, 937]], [[628, 939, 685, 374, 155, 351, 852, 704, 241, 210]], [[465, 211, 596, 590, 522, 12, 704, 726, 50, 855]], [[441, 18, 880, 519, 742, 856, 339, 840, 459, 286]]]]

All pearson (by: run iteration, trial number):
[[ 0.68846955 -0.00543247  0.48448141  0.49442578  0.08753143  0.56118684
   0.56996298 -0.12544244 -0.51876167  0.34189499]]

All spearman (by: run iteration, trial number):
[[ 0.54285714 -0.31428571  0.37685117  0.66673669 -0.42857143  0.02857143
   0.6         0.54285714 -0.6        -0.11595421]]

All standard error (by: run iteration, trial number):
[[ 0.  0.  0.  0.  0.  0.  0.  0.  0.  0.]]

