1 trials ran. 1 simulated people per trial. 10 objects per simulated person.

Average pearson (by: trial number):
[ 0.87196183  0.39393694  0.38770169 -0.34479178 -0.29705085 -0.15065701
  0.80131758  0.52132255  0.5174146   0.94773867]

Average spearman (by: trial number):
[ 0.94285714  0.42857143  0.43482828 -0.17393131 -0.08571429 -0.08571429
  0.48571429  0.77142857  0.2         0.98561076]

Average standard error (by: trial number):
[ 0.  0.  0.  0.  0.  0.  0.  0.  0.  0.]

All objects (by: run iteration, oneshot trial, simulated person):
[[[[865, 412, 785, 954, 47, 395, 446, 554, 923, 301]], [[798, 921, 771, 704, 130, 523, 430, 995, 315, 812]], [[376, 681, 608, 86, 682, 72, 559, 757, 992, 14]], [[225, 35, 925, 806, 527, 227, 518, 813, 763, 208]], [[788, 886, 730, 122, 622, 326, 353, 658, 817, 151]], [[632, 492, 88, 128, 964, 307, 377, 989, 275, 708]], [[188, 763, 63, 320, 733, 72, 390, 748, 936, 557]], [[920, 107, 989, 170, 87, 440, 483, 280, 414, 675]], [[174, 803, 977, 866, 505, 940, 998, 284, 936, 393]], [[417, 922, 456, 783, 40, 319, 852, 233, 371, 348]]]]

All pearson (by: run iteration, trial number):
[[ 0.87196183  0.39393694  0.38770169 -0.34479178 -0.29705085 -0.15065701
   0.80131758  0.52132255  0.5174146   0.94773867]]

All spearman (by: run iteration, trial number):
[[ 0.94285714  0.42857143  0.43482828 -0.17393131 -0.08571429 -0.08571429
   0.48571429  0.77142857  0.2         0.98561076]]

All standard error (by: run iteration, trial number):
[[ 0.  0.  0.  0.  0.  0.  0.  0.  0.  0.]]

